| Date                      |        Open |       Close |   Volume |       EMA_5 |      KNN_MA |   KnnEmaX |   WeeklyEMA |   WeeklyKNN |   WeeklyKnnEmaX |   TrendConfirmation | TradeOpen   |
|---------------------------+-------------+-------------+----------+-------------+-------------+-----------+-------------+-------------+-----------------+---------------------+-------------|
| 2010-03-11 00:00:00-05:00 | 1.76797e+07 | 1.71848e+07 |        0 | 0           | 0           |         0 | 0           | 0           |               0 |                   0 | False       |
| 2010-03-12 00:00:00-05:00 | 1.71763e+07 | 1.75389e+07 |        0 | 0           | 0           |         0 | 0           | 0           |               0 |                   0 | False       |
| 2010-03-15 00:00:00-04:00 | 1.80381e+07 | 1.81746e+07 |        0 | 0           | 0           |         0 | 1.74771e+07 | 0           |               1 |                   0 | False       |
| 2010-03-16 00:00:00-04:00 | 1.69587e+07 | 1.66942e+07 |        0 | 0           | 0           |         0 | 1.74771e+07 | 0           |               1 |                   0 | False       |
| 2010-03-17 00:00:00-04:00 | 1.66942e+07 | 1.66942e+07 |        0 | 0           | 1.72574e+07 |         0 | 1.74771e+07 | 0           |               1 |                   0 | False       |
| 2010-03-18 00:00:00-04:00 | 1.66942e+07 | 1.66942e+07 |        0 | 0           | 1.70696e+07 |         0 | 1.74771e+07 | 0           |               1 |                   0 | False       |
| 2010-03-19 00:00:00-04:00 | 1.73939e+07 | 1.74152e+07 |        0 | 0           | 1.71848e+07 |         0 | 1.74771e+07 | 0           |               1 |                   0 | False       |
| 2010-03-22 00:00:00-04:00 | 1.77267e+07 | 1.5986e+07  |        0 | 0           | 1.67852e+07 |         0 | 1.65797e+07 | 1.74771e+07 |               0 |                   0 | False       |
| 2010-03-23 00:00:00-04:00 | 1.57087e+07 | 1.52223e+07 |        0 | 1.68449e+07 | 1.62643e+07 |         1 | 1.65797e+07 | 1.74771e+07 |               0 |                   1 | False       |
| 2010-03-24 00:00:00-04:00 | 1.5201e+07  | 1.56191e+07 |        0 | 1.65998e+07 | 1.60492e+07 |         1 | 1.65797e+07 | 1.74771e+07 |               0 |                   0 | False       |
| 2010-03-25 00:00:00-04:00 | 1.51882e+07 | 1.58239e+07 |        0 | 1.64446e+07 | 1.59741e+07 |         1 | 1.65797e+07 | 1.74771e+07 |               0 |                   0 | False       |
| 2010-03-26 00:00:00-04:00 | 1.53972e+07 | 1.6131e+07  |        0 | 1.63819e+07 | 1.60264e+07 |         1 | 1.65797e+07 | 1.74771e+07 |               0 |                   1 | False       |
| 2010-03-29 00:00:00-04:00 | 1.62121e+07 | 1.56191e+07 |        0 | 1.62293e+07 | 1.58906e+07 |         1 | 1.59621e+07 | 1.67731e+07 |               0 |                   1 | False       |
| 2010-03-30 00:00:00-04:00 | 1.55423e+07 | 1.55423e+07 |        0 | 1.60919e+07 | 1.57745e+07 |         1 | 1.59621e+07 | 1.67731e+07 |               0 |                   1 | False       |
| 2010-03-31 00:00:00-04:00 | 1.573e+07   | 1.55764e+07 |        0 | 1.59888e+07 | 1.57085e+07 |         1 | 1.59621e+07 | 1.67731e+07 |               0 |                   1 | False       |
| 2010-04-01 00:00:00-04:00 | 1.47829e+07 | 1.56532e+07 |        0 | 1.59217e+07 | 1.56901e+07 |         1 | 1.59621e+07 | 1.67731e+07 |               0 |                   1 | False       |
| 2010-04-05 00:00:00-04:00 | 1.43989e+07 | 1.41685e+07 |        0 | 1.55711e+07 | 1.51829e+07 |         1 | 1.51048e+07 | 1.58921e+07 |               0 |                   1 | False       |
| 2010-04-06 00:00:00-04:00 | 1.44501e+07 | 1.43989e+07 |        0 | 1.53366e+07 | 1.49216e+07 |         1 | 1.51048e+07 | 1.58921e+07 |               0 |                   1 | False       |
| 2010-04-07 00:00:00-04:00 | 1.46037e+07 | 1.41216e+07 |        0 | 1.50936e+07 | 1.46549e+07 |         1 | 1.51048e+07 | 1.58921e+07 |               0 |                   0 | False       |
| 2010-04-08 00:00:00-04:00 | 1.43776e+07 | 1.48554e+07 |        0 | 1.5046e+07  | 1.47217e+07 |         1 | 1.51048e+07 | 1.58921e+07 |               0 |                   0 | False       |
| 2010-04-09 00:00:00-04:00 | 1.47189e+07 | 1.46762e+07 |        0 | 1.4972e+07  | 1.47066e+07 |         1 | 1.51048e+07 | 1.58921e+07 |               0 |                   1 | False       |
| 2010-04-12 00:00:00-04:00 | 1.4224e+07  | 1.3968e+07  |        0 | 1.47712e+07 | 1.44604e+07 |         1 | 1.3195e+07  | 1.51647e+07 |               0 |                   0 | False       |
| 2010-04-13 00:00:00-04:00 | 1.40107e+07 | 1.36992e+07 |        0 | 1.45568e+07 | 1.42067e+07 |         1 | 1.3195e+07  | 1.51647e+07 |               0 |                   0 | False       |
| 2010-04-14 00:00:00-04:00 | 1.27734e+07 | 1.19244e+07 |        0 | 1.40303e+07 | 1.34459e+07 |         1 | 1.3195e+07  | 1.51647e+07 |               0 |                   0 | False       |
| 2010-04-15 00:00:00-04:00 | 1.18604e+07 | 1.18092e+07 |        0 | 1.35861e+07 | 1.29004e+07 |         1 | 1.3195e+07  | 1.51647e+07 |               0 |                   0 | False       |
| 2010-04-16 00:00:00-04:00 | 1.20652e+07 | 1.22401e+07 |        0 | 1.33169e+07 | 1.26803e+07 |         1 | 1.3195e+07  | 1.51647e+07 |               0 |                   0 | False       |
| 2010-04-19 00:00:00-04:00 | 1.25559e+07 | 1.26582e+07 |        0 | 1.31852e+07 | 1.26729e+07 |         1 | 1.21375e+07 | 1.34582e+07 |               0 |                   0 | False       |
| 2010-04-20 00:00:00-04:00 | 1.22529e+07 | 1.20951e+07 |        0 | 1.29672e+07 | 1.24803e+07 |         1 | 1.21375e+07 | 1.34582e+07 |               0 |                   0 | False       |
| 2010-04-21 00:00:00-04:00 | 1.17324e+07 | 1.25303e+07 |        0 | 1.28798e+07 | 1.2497e+07  |         1 | 1.21375e+07 | 1.34582e+07 |               0 |                   0 | False       |
| 2010-04-22 00:00:00-04:00 | 1.29057e+07 | 1.16684e+07 |        0 | 1.26375e+07 | 1.22208e+07 |         1 | 1.21375e+07 | 1.34582e+07 |               0 |                   0 | False       |
| 2010-04-23 00:00:00-04:00 | 1.19671e+07 | 1.16087e+07 |        0 | 1.24318e+07 | 1.20168e+07 |         1 | 1.21375e+07 | 1.34582e+07 |               0 |                   1 | False       |
| 2010-04-26 00:00:00-04:00 | 1.13058e+07 | 1.16471e+07 |        0 | 1.22748e+07 | 1.18936e+07 |         1 | 1.32071e+07 | 1.19244e+07 |               1 |                   1 | True        |
| 2010-04-27 00:00:00-04:00 | 1.19458e+07 | 1.2799e+07  |        0 | 1.23797e+07 | 1.21954e+07 |         1 | 1.32071e+07 | 1.19244e+07 |               1 |                   1 | True        |
| 2010-04-28 00:00:00-04:00 | 1.22017e+07 | 1.28033e+07 |        0 | 1.24644e+07 | 1.2398e+07  |         1 | 1.32071e+07 | 1.19244e+07 |               1 |                   1 | True        |
| 2010-04-29 00:00:00-04:00 | 1.29953e+07 | 1.20823e+07 |        0 | 1.2388e+07  | 1.22928e+07 |         1 | 1.32071e+07 | 1.19244e+07 |               1 |                   1 | True        |
| 2010-04-30 00:00:00-04:00 | 1.23724e+07 | 1.37419e+07 |        0 | 1.26588e+07 | 1.27758e+07 |         1 | 1.32071e+07 | 1.19244e+07 |               1 |                   1 | True        |
| 2010-05-03 00:00:00-04:00 | 1.32555e+07 | 1.26796e+07 |        0 | 1.26629e+07 | 1.27437e+07 |         1 | 1.56484e+07 | 1.26753e+07 |               1 |                   1 | True        |
| 2010-05-04 00:00:00-04:00 | 1.3119e+07  | 1.43477e+07 |        0 | 1.29999e+07 | 1.32784e+07 |         0 | 1.56484e+07 | 1.26753e+07 |               1 |                   1 | True        |
| 2010-05-05 00:00:00-04:00 | 1.72531e+07 | 1.48127e+07 |        0 | 1.33625e+07 | 1.37898e+07 |         0 | 1.56484e+07 | 1.26753e+07 |               1 |                   1 | True        |
| 2010-05-06 00:00:00-04:00 | 1.50815e+07 | 1.58025e+07 |        0 | 1.38505e+07 | 1.44607e+07 |         0 | 1.56484e+07 | 1.26753e+07 |               1 |                   1 | True        |
| 2010-05-07 00:00:00-04:00 | 1.68649e+07 | 1.68691e+07 |        0 | 1.44542e+07 | 1.52635e+07 |         0 | 1.56484e+07 | 1.26753e+07 |               1 |                   1 | True        |
| 2010-05-10 00:00:00-04:00 | 1.44842e+07 | 1.39936e+07 |        0 | 1.43621e+07 | 1.48402e+07 |         0 | 1.54582e+07 | 1.53055e+07 |               1 |                   1 | True        |
| 2010-05-11 00:00:00-04:00 | 1.47701e+07 | 1.42709e+07 |        0 | 1.43438e+07 | 1.46505e+07 |         0 | 1.54582e+07 | 1.53055e+07 |               1 |                   1 | True        |
| 2010-05-12 00:00:00-04:00 | 1.38912e+07 | 1.30081e+07 |        1 | 1.40767e+07 | 1.4103e+07  |         1 | 1.54582e+07 | 1.53055e+07 |               1 |                   0 | True        |
| 2010-05-13 00:00:00-04:00 | 1.35883e+07 | 1.40832e+07 |        1 | 1.4078e+07  | 1.40964e+07 |         1 | 1.54582e+07 | 1.53055e+07 |               1 |                   0 | True        |
| 2010-05-14 00:00:00-04:00 | 1.48554e+07 | 1.53631e+07 |        0 | 1.4335e+07  | 1.45186e+07 |         0 | 1.54582e+07 | 1.53055e+07 |               1 |                   1 | True        |
| 2010-05-17 00:00:00-04:00 | 1.56703e+07 | 1.46592e+07 |        0 | 1.43998e+07 | 1.45655e+07 |         0 | 1.56878e+07 | 1.61161e+07 |               0 |                   0 | False       |
| 2010-05-18 00:00:00-04:00 | 1.44373e+07 | 1.5922e+07  |        0 | 1.47043e+07 | 1.50176e+07 |         0 | 1.56878e+07 | 1.61161e+07 |               0 |                   1 | False       |
| 2010-05-19 00:00:00-04:00 | 1.62292e+07 | 1.57001e+07 |        0 | 1.49035e+07 | 1.52451e+07 |         0 | 1.56878e+07 | 1.61161e+07 |               0 |                   1 | False       |
| 2010-05-20 00:00:00-04:00 | 1.69758e+07 | 1.69886e+07 |        0 | 1.53205e+07 | 1.58263e+07 |         0 | 1.56878e+07 | 1.61161e+07 |               0 |                   1 | False       |
| 2010-05-21 00:00:00-04:00 | 1.8085e+07  | 1.58025e+07 |        0 | 1.54169e+07 | 1.58184e+07 |         0 | 1.56878e+07 | 1.61161e+07 |               0 |                   1 | False       |
| 2010-05-24 00:00:00-04:00 | 1.57513e+07 | 1.66601e+07 |        0 | 1.56655e+07 | 1.60989e+07 |         0 | 1.49281e+07 | 1.55828e+07 |               0 |                   1 | False       |
| 2010-05-25 00:00:00-04:00 | 1.73768e+07 | 1.63188e+07 |        0 | 1.57962e+07 | 1.61722e+07 |         0 | 1.49281e+07 | 1.55828e+07 |               0 |                   1 | False       |
| 2010-05-26 00:00:00-04:00 | 1.55082e+07 | 1.63956e+07 |        0 | 1.59161e+07 | 1.62467e+07 |         0 | 1.49281e+07 | 1.55828e+07 |               0 |                   1 | False       |
| 2010-05-27 00:00:00-04:00 | 1.52479e+07 | 1.38998e+07 |        0 | 1.55128e+07 | 1.54644e+07 |         1 | 1.49281e+07 | 1.55828e+07 |               0 |                   0 | False       |
| 2010-05-28 00:00:00-04:00 | 1.39979e+07 | 1.45482e+07 |        0 | 1.53199e+07 | 1.5159e+07  |         1 | 1.49281e+07 | 1.55828e+07 |               0 |                   0 | False       |
| 2010-06-01 00:00:00-04:00 | 1.50517e+07 | 1.5521e+07  |        0 | 1.53601e+07 | 1.52796e+07 |         1 | 1.49281e+07 | 1.55828e+07 |               0 |                   0 | False       |
| 2010-06-02 00:00:00-04:00 | 1.51882e+07 | 1.38656e+07 |        0 | 1.50612e+07 | 1.48083e+07 |         1 | 1.49281e+07 | 1.55828e+07 |               0 |                   0 | False       |
| 2010-06-03 00:00:00-04:00 | 1.38315e+07 | 1.33537e+07 |        0 | 1.47197e+07 | 1.43234e+07 |         1 | 1.49281e+07 | 1.55828e+07 |               0 |                   0 | False       |
| 2010-06-04 00:00:00-04:00 | 1.43605e+07 | 1.50986e+07 |        0 | 1.47955e+07 | 1.45818e+07 |         1 | 1.49281e+07 | 1.55828e+07 |               0 |                   0 | False       |
| 2010-06-07 00:00:00-04:00 | 1.47445e+07 | 1.67411e+07 |        0 | 1.51846e+07 | 1.53016e+07 |         1 | 1.48094e+07 | 1.48234e+07 |               1 |                   1 | True        |
| 2010-06-08 00:00:00-04:00 | 1.56447e+07 | 1.69289e+07 |        0 | 1.55335e+07 | 1.5844e+07  |         0 | 1.48094e+07 | 1.48234e+07 |               1 |                   1 | True        |
| 2010-06-09 00:00:00-04:00 | 1.62505e+07 | 1.73e+07    |        0 | 1.58868e+07 | 1.63293e+07 |         0 | 1.48094e+07 | 1.48234e+07 |               1 |                   1 | True        |
| 2010-06-10 00:00:00-04:00 | 1.63572e+07 | 1.53503e+07 |        0 | 1.57795e+07 | 1.6003e+07  |         0 | 1.48094e+07 | 1.48234e+07 |               1 |                   1 | True        |
| 2010-06-11 00:00:00-04:00 | 1.60031e+07 | 1.46933e+07 |        0 | 1.55622e+07 | 1.55664e+07 |         1 | 1.48094e+07 | 1.48234e+07 |               1 |                   1 | True        |
| 2010-06-14 00:00:00-04:00 | 1.41387e+07 | 1.43861e+07 |        0 | 1.5327e+07  | 1.5173e+07  |         1 | 1.29401e+07 | 1.48959e+07 |               0 |                   1 | False       |
| 2010-06-15 00:00:00-04:00 | 1.40789e+07 | 1.20183e+07 |        0 | 1.46653e+07 | 1.41214e+07 |         1 | 1.29401e+07 | 1.48959e+07 |               0 |                   0 | False       |
| 2010-06-16 00:00:00-04:00 | 1.23767e+07 | 1.18391e+07 |        0 | 1.41e+07    | 1.33607e+07 |         1 | 1.29401e+07 | 1.48959e+07 |               0 |                   0 | False       |
| 2010-06-17 00:00:00-04:00 | 1.17111e+07 | 1.19202e+07 |        0 | 1.36641e+07 | 1.28805e+07 |         1 | 1.29401e+07 | 1.48959e+07 |               0 |                   0 | False       |
| 2010-06-18 00:00:00-04:00 | 1.1997e+07  | 1.20055e+07 |        0 | 1.33323e+07 | 1.25888e+07 |         1 | 1.29401e+07 | 1.48959e+07 |               0 |                   0 | False       |
| 2010-06-21 00:00:00-04:00 | 1.23724e+07 | 1.22999e+07 |        0 | 1.31259e+07 | 1.24925e+07 |         1 | 1.36169e+07 | 1.33494e+07 |               1 |                   0 | True        |
| 2010-06-22 00:00:00-04:00 | 1.227e+07   | 1.29569e+07 |        0 | 1.30921e+07 | 1.26473e+07 |         1 | 1.36169e+07 | 1.33494e+07 |               1 |                   0 | True        |
| 2010-06-23 00:00:00-04:00 | 1.2799e+07  | 1.28204e+07 |        0 | 1.30377e+07 | 1.2705e+07  |         1 | 1.36169e+07 | 1.33494e+07 |               1 |                   1 | True        |
| 2010-06-24 00:00:00-04:00 | 1.31446e+07 | 1.39808e+07 |        0 | 1.32263e+07 | 1.31303e+07 |         1 | 1.36169e+07 | 1.33494e+07 |               1 |                   1 | True        |
| 2010-06-25 00:00:00-04:00 | 1.36779e+07 | 1.39552e+07 |        0 | 1.33721e+07 | 1.34052e+07 |         1 | 1.36169e+07 | 1.33494e+07 |               1 |                   1 | True        |
| 2010-06-28 00:00:00-04:00 | 1.38187e+07 | 1.37376e+07 |        0 | 1.34452e+07 | 1.3516e+07  |         1 | 1.55148e+07 | 1.29804e+07 |               1 |                   1 | True        |
| 2010-06-29 00:00:00-04:00 | 1.45056e+07 | 1.55764e+07 |        0 | 1.38715e+07 | 1.42028e+07 |         0 | 1.55148e+07 | 1.29804e+07 |               1 |                   1 | True        |
| 2010-06-30 00:00:00-04:00 | 1.56788e+07 | 1.63444e+07 |        0 | 1.4366e+07  | 1.49167e+07 |         0 | 1.55148e+07 | 1.29804e+07 |               1 |                   1 | True        |
| 2010-07-01 00:00:00-04:00 | 1.62036e+07 | 1.62633e+07 |        0 | 1.47455e+07 | 1.53656e+07 |         0 | 1.55148e+07 | 1.29804e+07 |               1 |                   1 | True        |
| 2010-07-02 00:00:00-04:00 | 1.57769e+07 | 1.64638e+07 |        0 | 1.50892e+07 | 1.57316e+07 |         0 | 1.55148e+07 | 1.29804e+07 |               1 |                   1 | True        |
| 2010-07-06 00:00:00-04:00 | 1.55124e+07 | 1.64894e+07 |        0 | 1.53692e+07 | 1.59842e+07 |         0 | 1.55148e+07 | 1.29804e+07 |               1 |                   1 | True        |
| 2010-07-07 00:00:00-04:00 | 1.63102e+07 | 1.3968e+07  |        0 | 1.5089e+07  | 1.53122e+07 |         0 | 1.55148e+07 | 1.29804e+07 |               1 |                   1 | True        |
| 2010-07-08 00:00:00-04:00 | 1.34177e+07 | 1.39808e+07 |        0 | 1.48673e+07 | 1.48684e+07 |         1 | 1.55148e+07 | 1.29804e+07 |               1 |                   0 | True        |
| 2010-07-09 00:00:00-04:00 | 1.40021e+07 | 1.34944e+07 |        0 | 1.45928e+07 | 1.44104e+07 |         1 | 1.55148e+07 | 1.29804e+07 |               1 |                   0 | True        |
| 2010-07-12 00:00:00-04:00 | 1.34603e+07 | 1.3055e+07  |        0 | 1.42852e+07 | 1.39586e+07 |         1 | 1.379e+07   | 1.49791e+07 |               0 |                   0 | False       |
| 2010-07-13 00:00:00-04:00 | 1.25687e+07 | 1.22657e+07 |        0 | 1.38813e+07 | 1.33943e+07 |         1 | 1.379e+07   | 1.49791e+07 |               0 |                   0 | False       |
| 2010-07-14 00:00:00-04:00 | 1.18007e+07 | 1.23212e+07 |        0 | 1.35693e+07 | 1.30366e+07 |         1 | 1.379e+07   | 1.49791e+07 |               0 |                   0 | False       |
| 2010-07-15 00:00:00-04:00 | 1.23596e+07 | 1.24065e+07 |        0 | 1.33367e+07 | 1.28266e+07 |         1 | 1.379e+07   | 1.49791e+07 |               0 |                   0 | False       |
| 2010-07-16 00:00:00-04:00 | 1.27478e+07 | 1.36011e+07 |        0 | 1.33896e+07 | 1.30848e+07 |         1 | 1.379e+07   | 1.49791e+07 |               0 |                   0 | False       |
| 2010-07-19 00:00:00-04:00 | 1.34049e+07 | 1.26156e+07 |        0 | 1.32348e+07 | 1.29284e+07 |         1 | 1.24923e+07 | 1.35478e+07 |               0 |                   0 | False       |
| 2010-07-20 00:00:00-04:00 | 1.36523e+07 | 1.25559e+07 |        0 | 1.3099e+07  | 1.28042e+07 |         1 | 1.24923e+07 | 1.35478e+07 |               0 |                   1 | False       |
| 2010-07-21 00:00:00-04:00 | 1.23041e+07 | 1.33067e+07 |        0 | 1.31406e+07 | 1.29717e+07 |         1 | 1.24923e+07 | 1.35478e+07 |               0 |                   1 | False       |
| 2010-07-22 00:00:00-04:00 | 1.27905e+07 | 1.20226e+07 |        0 | 1.2917e+07  | 1.26553e+07 |         1 | 1.24923e+07 | 1.35478e+07 |               0 |                   1 | False       |
| 2010-07-23 00:00:00-04:00 | 1.23127e+07 | 1.18434e+07 |        0 | 1.27022e+07 | 1.23847e+07 |         1 | 1.24923e+07 | 1.35478e+07 |               0 |                   1 | False       |
| 2010-07-26 00:00:00-04:00 | 1.16983e+07 | 1.13655e+07 |        0 | 1.24349e+07 | 1.2045e+07  |         1 | 1.30665e+07 | 1.27222e+07 |               1 |                   1 | True        |
| 2010-07-27 00:00:00-04:00 | 1.12845e+07 | 1.16429e+07 |        0 | 1.22765e+07 | 1.19109e+07 |         1 | 1.30665e+07 | 1.27222e+07 |               1 |                   0 | True        |
| 2010-07-28 00:00:00-04:00 | 1.16301e+07 | 1.22444e+07 |        0 | 1.22701e+07 | 1.20221e+07 |         1 | 1.30665e+07 | 1.27222e+07 |               1 |                   1 | True        |
| 2010-07-29 00:00:00-04:00 | 1.22401e+07 | 1.29526e+07 |        0 | 1.24066e+07 | 1.23323e+07 |         1 | 1.30665e+07 | 1.27222e+07 |               1 |                   1 | True        |
| 2010-07-30 00:00:00-04:00 | 1.33963e+07 | 1.33537e+07 |        0 | 1.2596e+07  | 1.26727e+07 |         1 | 1.30665e+07 | 1.27222e+07 |               1 |                   1 | True        |
| 2010-08-02 00:00:00-04:00 | 1.26796e+07 | 1.26881e+07 |        0 | 1.26144e+07 | 1.26779e+07 |         1 | 1.30048e+07 | 1.25985e+07 |               1 |                   1 | True        |
| 2010-08-03 00:00:00-04:00 | 1.26924e+07 | 1.30593e+07 |        0 | 1.27034e+07 | 1.2805e+07  |         1 | 1.30048e+07 | 1.25985e+07 |               1 |                   1 | True        |
| 2010-08-04 00:00:00-04:00 | 1.29441e+07 | 1.26753e+07 |        0 | 1.26978e+07 | 1.27618e+07 |         1 | 1.30048e+07 | 1.25985e+07 |               1 |                   1 | True        |
| 2010-08-05 00:00:00-04:00 | 1.2799e+07  | 1.28972e+07 |        0 | 1.27377e+07 | 1.28069e+07 |         1 | 1.30048e+07 | 1.25985e+07 |               1 |                   1 | True        |
| 2010-08-06 00:00:00-04:00 | 1.33195e+07 | 1.2974e+07  |        0 | 1.27849e+07 | 1.28626e+07 |         1 | 1.30048e+07 | 1.25985e+07 |               1 |                   1 | True        |
| 2010-08-09 00:00:00-04:00 | 1.26454e+07 | 1.27265e+07 |        0 | 1.27732e+07 | 1.28172e+07 |         1 | 1.52909e+07 | 1.31638e+07 |               1 |                   1 | True        |
| 2010-08-10 00:00:00-04:00 | 1.33238e+07 | 1.3695e+07  |        0 | 1.29576e+07 | 1.31098e+07 |         0 | 1.52909e+07 | 1.31638e+07 |               1 |                   1 | True        |
| 2010-08-11 00:00:00-04:00 | 1.45824e+07 | 1.5393e+07  |        0 | 1.34447e+07 | 1.38709e+07 |         0 | 1.52909e+07 | 1.31638e+07 |               1 |                   1 | True        |
| 2010-08-12 00:00:00-04:00 | 1.64169e+07 | 1.59732e+07 |        0 | 1.39504e+07 | 1.45716e+07 |         0 | 1.52909e+07 | 1.31638e+07 |               1 |                   1 | True        |
| 2010-08-13 00:00:00-04:00 | 1.58367e+07 | 1.6434e+07  |        0 | 1.44471e+07 | 1.51924e+07 |         0 | 1.52909e+07 | 1.31638e+07 |               1 |                   1 | True        |
| 2010-08-16 00:00:00-04:00 | 1.66003e+07 | 1.62164e+07 |        0 | 1.48009e+07 | 1.55337e+07 |         0 | 1.55353e+07 | 1.4704e+07  |               1 |                   1 | True        |
| 2010-08-17 00:00:00-04:00 | 1.57385e+07 | 1.56106e+07 |        0 | 1.49629e+07 | 1.55593e+07 |         0 | 1.55353e+07 | 1.4704e+07  |               1 |                   1 | True        |
| 2010-08-18 00:00:00-04:00 | 1.55594e+07 | 1.5073e+07  |        0 | 1.49849e+07 | 1.53972e+07 |         0 | 1.55353e+07 | 1.4704e+07  |               1 |                   1 | True        |
| 2010-08-19 00:00:00-04:00 | 1.53119e+07 | 1.58367e+07 |        0 | 1.51552e+07 | 1.55437e+07 |         0 | 1.55353e+07 | 1.4704e+07  |               1 |                   1 | True        |
| 2010-08-20 00:00:00-04:00 | 1.57129e+07 | 1.56575e+07 |        0 | 1.52557e+07 | 1.55816e+07 |         0 | 1.55353e+07 | 1.4704e+07  |               1 |                   1 | True        |
| 2010-08-23 00:00:00-04:00 | 1.54356e+07 | 1.62164e+07 |        0 | 1.54478e+07 | 1.57932e+07 |         0 | 1.61116e+07 | 1.60457e+07 |               1 |                   1 | True        |
| 2010-08-24 00:00:00-04:00 | 1.68905e+07 | 1.70099e+07 |        0 | 1.57602e+07 | 1.61988e+07 |         0 | 1.61116e+07 | 1.60457e+07 |               1 |                   1 | True        |
| 2010-08-25 00:00:00-04:00 | 1.76157e+07 | 1.65107e+07 |        0 | 1.59103e+07 | 1.63028e+07 |         0 | 1.61116e+07 | 1.60457e+07 |               1 |                   1 | True        |
| 2010-08-26 00:00:00-04:00 | 1.62377e+07 | 1.74749e+07 |        0 | 1.62233e+07 | 1.66935e+07 |         0 | 1.61116e+07 | 1.60457e+07 |               1 |                   1 | True        |
| 2010-08-27 00:00:00-04:00 | 1.71806e+07 | 1.63998e+07 |        0 | 1.62586e+07 | 1.65956e+07 |         0 | 1.61116e+07 | 1.60457e+07 |               1 |                   1 | True        |
| 2010-08-30 00:00:00-04:00 | 1.64126e+07 | 1.77053e+07 |        0 | 1.65479e+07 | 1.69655e+07 |         0 | 1.54306e+07 | 1.60287e+07 |               0 |                   1 | False       |
| 2010-08-31 00:00:00-04:00 | 1.8085e+07  | 1.87079e+07 |        0 | 1.69799e+07 | 1.75463e+07 |         0 | 1.54306e+07 | 1.60287e+07 |               0 |                   1 | False       |
| 2010-09-01 00:00:00-04:00 | 1.77949e+07 | 1.70184e+07 |        0 | 1.69876e+07 | 1.73704e+07 |         0 | 1.54306e+07 | 1.60287e+07 |               0 |                   1 | False       |
| 2010-09-02 00:00:00-04:00 | 1.66643e+07 | 1.59391e+07 |        0 | 1.67779e+07 | 1.68933e+07 |         1 | 1.54306e+07 | 1.60287e+07 |               0 |                   0 | False       |
| 2010-09-03 00:00:00-04:00 | 1.52266e+07 | 1.50901e+07 |        0 | 1.64403e+07 | 1.62922e+07 |         1 | 1.54306e+07 | 1.60287e+07 |               0 |                   0 | False       |
| 2010-09-07 00:00:00-04:00 | 1.52394e+07 | 1.59817e+07 |        0 | 1.63486e+07 | 1.61887e+07 |         1 | 1.54306e+07 | 1.60287e+07 |               0 |                   0 | False       |
| 2010-09-08 00:00:00-04:00 | 1.57812e+07 | 1.62164e+07 |        1 | 1.63222e+07 | 1.61979e+07 |         1 | 1.54306e+07 | 1.60287e+07 |               0 |                   0 | False       |
| 2010-09-09 00:00:00-04:00 | 1.5602e+07  | 1.61652e+07 |        0 | 1.62908e+07 | 1.6187e+07  |         1 | 1.54306e+07 | 1.60287e+07 |               0 |                   0 | False       |
| 2010-09-10 00:00:00-04:00 | 1.6178e+07  | 1.68179e+07 |        1 | 1.63962e+07 | 1.63973e+07 |         1 | 1.54306e+07 | 1.60287e+07 |               0 |                   0 | False       |
| 2010-09-13 00:00:00-04:00 | 1.62974e+07 | 1.51626e+07 |        1 | 1.61495e+07 | 1.59857e+07 |         1 | 1.48719e+07 | 1.5954e+07  |               0 |                   0 | False       |
| 2010-09-14 00:00:00-04:00 | 1.5265e+07  | 1.43648e+07 |        1 | 1.57925e+07 | 1.54454e+07 |         1 | 1.48719e+07 | 1.5954e+07  |               0 |                   0 | False       |
| 2010-09-15 00:00:00-04:00 | 1.46634e+07 | 1.45184e+07 |        0 | 1.55377e+07 | 1.51364e+07 |         1 | 1.48719e+07 | 1.5954e+07  |               0 |                   0 | False       |
| 2010-09-16 00:00:00-04:00 | 1.4672e+07  | 1.41515e+07 |        0 | 1.52605e+07 | 1.48081e+07 |         1 | 1.48719e+07 | 1.5954e+07  |               0 |                   0 | False       |
| 2010-09-17 00:00:00-04:00 | 1.39765e+07 | 1.41301e+07 |        0 | 1.50344e+07 | 1.45821e+07 |         1 | 1.48719e+07 | 1.5954e+07  |               0 |                   0 | False       |
| 2010-09-20 00:00:00-04:00 | 1.41515e+07 | 1.39424e+07 |        1 | 1.4816e+07  | 1.43689e+07 |         1 | 1.33478e+07 | 1.5474e+07  |               0 |                   0 | False       |
| 2010-09-21 00:00:00-04:00 | 1.38614e+07 | 1.40064e+07 |        0 | 1.46541e+07 | 1.42481e+07 |         1 | 1.33478e+07 | 1.5474e+07  |               0 |                   0 | False       |
| 2010-09-22 00:00:00-04:00 | 1.4369e+07  | 1.45952e+07 |        1 | 1.46423e+07 | 1.43638e+07 |         1 | 1.33478e+07 | 1.5474e+07  |               0 |                   0 | False       |
| 2010-09-23 00:00:00-04:00 | 1.51541e+07 | 1.43221e+07 |        0 | 1.45783e+07 | 1.43499e+07 |         1 | 1.33478e+07 | 1.5474e+07  |               0 |                   1 | False       |
| 2010-09-24 00:00:00-04:00 | 1.37078e+07 | 1.25857e+07 |        1 | 1.41798e+07 | 1.37618e+07 |         1 | 1.33478e+07 | 1.5474e+07  |               0 |                   0 | False       |
| 2010-09-27 00:00:00-04:00 | 1.25175e+07 | 1.28204e+07 |        0 | 1.39079e+07 | 1.3448e+07  |         1 | 1.26691e+07 | 1.33579e+07 |               0 |                   0 | False       |
| 2010-09-28 00:00:00-04:00 | 1.27948e+07 | 1.21889e+07 |        1 | 1.35641e+07 | 1.30283e+07 |         1 | 1.26691e+07 | 1.33579e+07 |               0 |                   0 | False       |
| 2010-09-29 00:00:00-04:00 | 1.2462e+07  | 1.19799e+07 |        0 | 1.32472e+07 | 1.26788e+07 |         1 | 1.26691e+07 | 1.33579e+07 |               0 |                   0 | False       |
| 2010-09-30 00:00:00-04:00 | 1.17538e+07 | 1.21975e+07 |        0 | 1.30373e+07 | 1.25184e+07 |         1 | 1.26691e+07 | 1.33579e+07 |               0 |                   0 | False       |
| 2010-10-01 00:00:00-04:00 | 1.2061e+07  | 1.23297e+07 |        0 | 1.28958e+07 | 1.24555e+07 |         1 | 1.26691e+07 | 1.33579e+07 |               0 |                   0 | False       |
| 2010-10-04 00:00:00-04:00 | 1.23937e+07 | 1.28545e+07 |        0 | 1.28875e+07 | 1.25885e+07 |         1 | 1.22665e+07 | 1.24577e+07 |               0 |                   1 | False       |
| 2010-10-05 00:00:00-04:00 | 1.25601e+07 | 1.20908e+07 |        0 | 1.27282e+07 | 1.24226e+07 |         1 | 1.22665e+07 | 1.24577e+07 |               0 |                   0 | False       |
| 2010-10-06 00:00:00-04:00 | 1.20695e+07 | 1.25601e+07 |        0 | 1.26946e+07 | 1.24684e+07 |         1 | 1.22665e+07 | 1.24577e+07 |               0 |                   1 | False       |
| 2010-10-07 00:00:00-04:00 | 1.23681e+07 | 1.2398e+07  |        0 | 1.26353e+07 | 1.2445e+07  |         1 | 1.22665e+07 | 1.24577e+07 |               0 |                   1 | False       |
| 2010-10-08 00:00:00-04:00 | 1.26241e+07 | 1.20652e+07 |        0 | 1.25212e+07 | 1.23184e+07 |         1 | 1.22665e+07 | 1.24577e+07 |               0 |                   1 | False       |
| 2010-10-11 00:00:00-04:00 | 1.19458e+07 | 1.17666e+07 |        0 | 1.23703e+07 | 1.21344e+07 |         1 | 1.16602e+07 | 1.21975e+07 |               0 |                   1 | False       |
| 2010-10-12 00:00:00-04:00 | 1.19244e+07 | 1.15277e+07 |        0 | 1.22018e+07 | 1.19322e+07 |         1 | 1.16602e+07 | 1.21975e+07 |               0 |                   1 | False       |
| 2010-10-13 00:00:00-04:00 | 1.1421e+07  | 1.14722e+07 |        0 | 1.20559e+07 | 1.17789e+07 |         1 | 1.16602e+07 | 1.21975e+07 |               0 |                   0 | False       |
| 2010-10-14 00:00:00-04:00 | 1.14338e+07 | 1.15661e+07 |        0 | 1.19579e+07 | 1.17079e+07 |         1 | 1.16602e+07 | 1.21975e+07 |               0 |                   0 | False       |
| 2010-10-15 00:00:00-04:00 | 1.13399e+07 | 1.1357e+07  |        0 | 1.18377e+07 | 1.1591e+07  |         1 | 1.16602e+07 | 1.21975e+07 |               0 |                   0 | False       |
| 2010-10-18 00:00:00-04:00 | 1.13527e+07 | 1.15661e+07 |        0 | 1.17834e+07 | 1.15827e+07 |         1 | 1.14325e+07 | 1.17111e+07 |               0 |                   1 | False       |
| 2010-10-19 00:00:00-04:00 | 1.20951e+07 | 1.20396e+07 |        0 | 1.18346e+07 | 1.1735e+07  |         1 | 1.14325e+07 | 1.17111e+07 |               0 |                   1 | False       |
| 2010-10-20 00:00:00-04:00 | 1.20311e+07 | 1.18476e+07 |        0 | 1.18372e+07 | 1.17725e+07 |         1 | 1.14325e+07 | 1.17111e+07 |               0 |                   1 | False       |
| 2010-10-21 00:00:00-04:00 | 1.1741e+07  | 1.20055e+07 |        0 | 1.18709e+07 | 1.18502e+07 |         1 | 1.14325e+07 | 1.17111e+07 |               0 |                   1 | False       |
| 2010-10-22 00:00:00-04:00 | 1.19756e+07 | 1.13186e+07 |        0 | 1.17604e+07 | 1.1673e+07  |         1 | 1.14325e+07 | 1.17111e+07 |               0 |                   1 | False       |
| 2010-10-25 00:00:00-04:00 | 1.11224e+07 | 1.09261e+07 |        0 | 1.15936e+07 | 1.1424e+07  |         1 | 1.03639e+07 | 1.13378e+07 |               0 |                   1 | False       |
| 2010-10-26 00:00:00-04:00 | 1.10925e+07 | 1.10626e+07 |        0 | 1.14874e+07 | 1.13036e+07 |         1 | 1.03639e+07 | 1.13378e+07 |               0 |                   1 | False       |
| 2010-10-27 00:00:00-04:00 | 1.10242e+07 | 1.00387e+07 |        1 | 1.11976e+07 | 1.08819e+07 |         1 | 1.03639e+07 | 1.13378e+07 |               0 |                   0 | False       |
| 2010-10-28 00:00:00-04:00 | 1.00686e+07 | 1.00259e+07 |        1 | 1.09633e+07 | 1.05966e+07 |         1 | 1.03639e+07 | 1.13378e+07 |               0 |                   0 | False       |
| 2010-10-29 00:00:00-04:00 | 1.01155e+07 | 9.82966e+06 |        0 | 1.07366e+07 | 1.0341e+07  |         1 | 1.03639e+07 | 1.13378e+07 |               0 |                   0 | False       |
| 2010-11-01 00:00:00-04:00 | 9.74006e+06 | 9.93205e+06 |        0 | 1.05757e+07 | 1.02047e+07 |         1 | 9.0464e+06  | 1.05741e+07 |               0 |                   0 | False       |
| 2010-11-02 00:00:00-04:00 | 9.65047e+06 | 9.74433e+06 |        0 | 1.04094e+07 | 1.00512e+07 |         1 | 9.0464e+06  | 1.05741e+07 |               0 |                   0 | False       |
| 2010-11-03 00:00:00-04:00 | 9.6334e+06  | 9.42435e+06 |        0 | 1.02124e+07 | 9.84226e+06 |         1 | 9.0464e+06  | 1.05741e+07 |               0 |                   0 | False       |
| 2010-11-04 00:00:00-04:00 | 9.15984e+06 | 8.54549e+06 |        1 | 9.87901e+06 | 9.41e+06    |         1 | 9.0464e+06  | 1.05741e+07 |               0 |                   0 | False       |
| 2010-11-05 00:00:00-04:00 | 8.52842e+06 | 8.38763e+06 |        0 | 9.58073e+06 | 9.06921e+06 |         1 | 9.0464e+06  | 1.05741e+07 |               0 |                   0 | False       |
| 2010-11-08 00:00:00-05:00 | 8.41323e+06 | 8.38763e+06 |        0 | 9.34211e+06 | 8.84202e+06 |         1 | 8.99404e+06 | 9.10864e+06 |               0 |                   0 | False       |
| 2010-11-09 00:00:00-05:00 | 8.32364e+06 | 8.64788e+06 |        0 | 9.20327e+06 | 8.7773e+06  |         1 | 8.99404e+06 | 9.10864e+06 |               0 |                   0 | False       |
| 2010-11-10 00:00:00-05:00 | 8.67774e+06 | 8.65215e+06 |        0 | 9.09304e+06 | 8.73559e+06 |         1 | 8.99404e+06 | 9.10864e+06 |               0 |                   0 | False       |
| 2010-11-11 00:00:00-05:00 | 9.30916e+06 | 8.95079e+06 |        1 | 9.06459e+06 | 8.80732e+06 |         1 | 8.99404e+06 | 9.10864e+06 |               0 |                   1 | False       |
| 2010-11-12 00:00:00-05:00 | 9.07452e+06 | 8.96786e+06 |        0 | 9.04524e+06 | 8.86083e+06 |         1 | 8.99404e+06 | 9.10864e+06 |               0 |                   1 | False       |
| 2010-11-15 00:00:00-05:00 | 8.73321e+06 | 9.16411e+06 |        0 | 9.06902e+06 | 8.96192e+06 |         1 | 8.72629e+06 | 8.67774e+06 |               1 |                   1 | True        |
| 2010-11-16 00:00:00-05:00 | 9.40729e+06 | 9.56514e+06 |        0 | 9.16824e+06 | 9.163e+06   |         1 | 8.72629e+06 | 8.67774e+06 |               1 |                   1 | True        |
| 2010-11-17 00:00:00-05:00 | 9.59927e+06 | 9.58221e+06 |        0 | 9.25104e+06 | 9.30273e+06 |         1 | 8.72629e+06 | 8.67774e+06 |               1 |                   1 | True        |
| 2010-11-18 00:00:00-05:00 | 9.30063e+06 | 9.04465e+06 |        0 | 9.20976e+06 | 9.21671e+06 |         1 | 8.72629e+06 | 8.67774e+06 |               1 |                   1 | True        |
| 2010-11-19 00:00:00-05:00 | 9.10865e+06 | 8.59242e+06 |        0 | 9.08629e+06 | 9.00861e+06 |         1 | 8.72629e+06 | 8.67774e+06 |               1 |                   1 | True        |
| 2010-11-22 00:00:00-05:00 | 8.59242e+06 | 8.28098e+06 |        0 | 8.92523e+06 | 8.76607e+06 |         1 | 8.21325e+06 | 8.78014e+06 |               0 |                   0 | False       |
| 2010-11-23 00:00:00-05:00 | 8.60522e+06 | 8.47723e+06 |        0 | 8.83563e+06 | 8.66979e+06 |         1 | 8.21325e+06 | 8.78014e+06 |               0 |                   0 | False       |
| 2010-11-24 00:00:00-05:00 | 8.32364e+06 | 7.82448e+06 |        0 | 8.6334e+06  | 8.38802e+06 |         1 | 8.21325e+06 | 8.78014e+06 |               0 |                   0 | False       |
| 2010-11-26 00:00:00-05:00 | 7.9994e+06  | 7.95673e+06 |        0 | 8.49806e+06 | 8.24425e+06 |         1 | 8.21325e+06 | 8.78014e+06 |               0 |                   0 | False       |
| 2010-11-29 00:00:00-05:00 | 8.07192e+06 | 8.0122e+06  |        0 | 8.40089e+06 | 8.1669e+06  |         1 | 7.39375e+06 | 8.27458e+06 |               0 |                   0 | False       |
| 2010-11-30 00:00:00-05:00 | 8.31937e+06 | 8.29377e+06 |        0 | 8.37947e+06 | 8.20919e+06 |         1 | 7.39375e+06 | 8.27458e+06 |               0 |                   0 | False       |
| 2010-12-01 00:00:00-05:00 | 7.897e+06   | 7.5045e+06  |        0 | 8.20447e+06 | 7.97429e+06 |         1 | 7.39375e+06 | 8.27458e+06 |               0 |                   0 | False       |
| 2010-12-02 00:00:00-05:00 | 7.48317e+06 | 7.0608e+06  |        0 | 7.97574e+06 | 7.6698e+06  |         1 | 7.39375e+06 | 8.27458e+06 |               0 |                   0 | False       |
| 2010-12-03 00:00:00-05:00 | 7.22719e+06 | 6.984e+06   |        0 | 7.77739e+06 | 7.4412e+06  |         1 | 7.39375e+06 | 8.27458e+06 |               0 |                   0 | False       |
| 2010-12-06 00:00:00-05:00 | 6.95414e+06 | 7.00534e+06 |        0 | 7.62298e+06 | 7.29591e+06 |         1 | 6.967e+06   | 7.47037e+06 |               0 |                   0 | False       |
| 2010-12-07 00:00:00-05:00 | 6.79629e+06 | 6.98827e+06 |        0 | 7.49604e+06 | 7.19337e+06 |         1 | 6.967e+06   | 7.47037e+06 |               0 |                   0 | False       |
| 2010-12-08 00:00:00-05:00 | 7.02667e+06 | 6.82615e+06 |        0 | 7.36206e+06 | 7.07096e+06 |         1 | 6.967e+06   | 7.47037e+06 |               0 |                   0 | False       |
| 2010-12-09 00:00:00-05:00 | 6.71949e+06 | 6.78349e+06 |        0 | 7.24635e+06 | 6.97514e+06 |         1 | 6.967e+06   | 7.47037e+06 |               0 |                   0 | False       |
| 2010-12-10 00:00:00-05:00 | 6.74509e+06 | 6.75362e+06 |        0 | 7.1478e+06  | 6.9013e+06  |         1 | 6.967e+06   | 7.47037e+06 |               0 |                   0 | False       |
| 2010-12-13 00:00:00-05:00 | 6.67256e+06 | 6.92428e+06 |        0 | 7.1031e+06  | 6.90896e+06 |         1 | 6.78777e+06 | 6.86881e+06 |               0 |                   1 | False       |
| 2010-12-14 00:00:00-05:00 | 6.89438e+06 | 7.06395e+06 |        0 | 7.09527e+06 | 6.96062e+06 |         1 | 6.78777e+06 | 6.86881e+06 |               0 |                   1 | False       |
| 2010-12-15 00:00:00-05:00 | 7.15766e+06 | 7.28261e+06 |        0 | 7.13273e+06 | 7.06795e+06 |         1 | 6.78777e+06 | 6.86881e+06 |               0 |                   1 | False       |
| 2010-12-16 00:00:00-05:00 | 7.26922e+06 | 7.1532e+06  |        0 | 7.13683e+06 | 7.09637e+06 |         1 | 6.78777e+06 | 6.86881e+06 |               0 |                   1 | False       |
| 2010-12-17 00:00:00-05:00 | 7.14873e+06 | 7.00594e+06 |        0 | 7.11065e+06 | 7.06622e+06 |         1 | 6.78777e+06 | 6.86881e+06 |               0 |                   1 | False       |
| 2010-12-20 00:00:00-05:00 | 7.0104e+06  | 7.07287e+06 |        0 | 7.10309e+06 | 7.06844e+06 |         1 | 6.92132e+06 | 6.72589e+06 |               1 |                   1 | True        |
| 2010-12-21 00:00:00-05:00 | 7.00594e+06 | 6.93008e+06 |        0 | 7.06849e+06 | 7.02232e+06 |         1 | 6.92132e+06 | 6.72589e+06 |               1 |                   1 | True        |
| 2010-12-22 00:00:00-05:00 | 6.97024e+06 | 6.91669e+06 |        0 | 7.03813e+06 | 6.98711e+06 |         1 | 6.92132e+06 | 6.72589e+06 |               1 |                   1 | True        |
| 2010-12-23 00:00:00-05:00 | 7.02379e+06 | 6.98809e+06 |        0 | 7.02812e+06 | 6.98744e+06 |         1 | 6.92132e+06 | 6.72589e+06 |               1 |                   1 | True        |
| 2010-12-27 00:00:00-05:00 | 7.12196e+06 | 6.94793e+06 |        0 | 7.01208e+06 | 6.97427e+06 |         1 | 6.95691e+06 | 6.84312e+06 |               1 |                   1 | True        |
| 2010-12-28 00:00:00-05:00 | 6.96578e+06 | 7.02825e+06 |        0 | 7.01532e+06 | 6.99226e+06 |         1 | 6.95691e+06 | 6.84312e+06 |               1 |                   1 | True        |
| 2010-12-29 00:00:00-05:00 | 7.00594e+06 | 7.00594e+06 |        0 | 7.01344e+06 | 6.99682e+06 |         1 | 6.95691e+06 | 6.84312e+06 |               1 |                   1 | True        |
| 2010-12-30 00:00:00-05:00 | 6.99701e+06 | 6.94793e+06 |        0 | 7.00034e+06 | 6.98052e+06 |         1 | 6.95691e+06 | 6.84312e+06 |               1 |                   1 | True        |
| 2010-12-31 00:00:00-05:00 | 7.00148e+06 | 6.9747e+06  |        0 | 6.99521e+06 | 6.97858e+06 |         1 | 6.95691e+06 | 6.84312e+06 |               1 |                   1 | True        |
| 2011-01-03 00:00:00-05:00 | 6.85422e+06 | 6.82744e+06 |        0 | 6.96166e+06 | 6.9282e+06  |         1 | 6.51658e+06 | 6.9814e+06  |               0 |                   1 | False       |
| 2011-01-04 00:00:00-05:00 | 6.76051e+06 | 6.79174e+06 |        0 | 6.92767e+06 | 6.88272e+06 |         1 | 6.51658e+06 | 6.9814e+06  |               0 |                   1 | False       |
| 2011-01-05 00:00:00-05:00 | 6.90777e+06 | 6.71142e+06 |        0 | 6.88442e+06 | 6.82562e+06 |         1 | 6.51658e+06 | 6.9814e+06  |               0 |                   1 | False       |
| 2011-01-06 00:00:00-05:00 | 6.65341e+06 | 6.33658e+06 |        0 | 6.77486e+06 | 6.66261e+06 |         1 | 6.51658e+06 | 6.9814e+06  |               0 |                   0 | False       |
| 2011-01-07 00:00:00-05:00 | 6.33212e+06 | 6.29642e+06 |        0 | 6.67917e+06 | 6.54054e+06 |         1 | 6.51658e+06 | 6.9814e+06  |               0 |                   0 | False       |
| 2011-01-10 00:00:00-05:00 | 6.35889e+06 | 6.10008e+06 |        0 | 6.56335e+06 | 6.39372e+06 |         1 | 5.66475e+06 | 6.63556e+06 |               0 |                   0 | False       |
| 2011-01-11 00:00:00-05:00 | 5.99744e+06 | 6.0376e+06  |        0 | 6.4582e+06  | 6.27501e+06 |         1 | 5.66475e+06 | 6.63556e+06 |               0 |                   0 | False       |
| 2011-01-12 00:00:00-05:00 | 6.0019e+06  | 5.694e+06   |        1 | 6.30536e+06 | 6.08134e+06 |         1 | 5.66475e+06 | 6.63556e+06 |               0 |                   0 | False       |
| 2011-01-13 00:00:00-05:00 | 5.70739e+06 | 5.66276e+06 |        0 | 6.17684e+06 | 5.94182e+06 |         1 | 5.66475e+06 | 6.63556e+06 |               0 |                   0 | False       |
| 2011-01-14 00:00:00-05:00 | 5.63152e+06 | 5.23884e+06 |        1 | 5.98924e+06 | 5.70749e+06 |         1 | 5.66475e+06 | 6.63556e+06 |               0 |                   0 | False       |
| 2011-01-18 00:00:00-05:00 | 5.28346e+06 | 5.28792e+06 |        0 | 5.84898e+06 | 5.56763e+06 |         1 | 5.66475e+06 | 6.63556e+06 |               0 |                   0 | False       |
| 2011-01-19 00:00:00-05:00 | 5.42179e+06 | 5.64491e+06 |        1 | 5.80816e+06 | 5.59339e+06 |         1 | 5.66475e+06 | 6.63556e+06 |               0 |                   0 | False       |
| 2011-01-20 00:00:00-05:00 | 5.77878e+06 | 5.84126e+06 |        1 | 5.81478e+06 | 5.67601e+06 |         1 | 5.66475e+06 | 6.63556e+06 |               0 |                   1 | False       |
| 2011-01-21 00:00:00-05:00 | 5.68954e+06 | 5.97513e+06 |        0 | 5.84685e+06 | 5.77572e+06 |         1 | 5.66475e+06 | 6.63556e+06 |               0 |                   1 | False       |
| 2011-01-24 00:00:00-05:00 | 5.89034e+06 | 5.50658e+06 |        0 | 5.7788e+06  | 5.68601e+06 |         1 | 5.69372e+06 | 5.60698e+06 |               1 |                   1 | True        |
| 2011-01-25 00:00:00-05:00 | 5.60029e+06 | 5.64937e+06 |        1 | 5.75291e+06 | 5.67379e+06 |         1 | 5.69372e+06 | 5.60698e+06 |               1 |                   1 | True        |
| 2011-01-26 00:00:00-05:00 | 5.56905e+06 | 5.49319e+06 |        1 | 5.70097e+06 | 5.61359e+06 |         1 | 5.69372e+06 | 5.60698e+06 |               1 |                   1 | True        |
| 2011-01-27 00:00:00-05:00 | 5.39502e+06 | 5.17636e+06 |        1 | 5.59605e+06 | 5.46785e+06 |         1 | 5.69372e+06 | 5.60698e+06 |               1 |                   1 | True        |
| 2011-01-28 00:00:00-05:00 | 5.13174e+06 | 5.60475e+06 |        1 | 5.59779e+06 | 5.51348e+06 |         1 | 5.69372e+06 | 5.60698e+06 |               1 |                   1 | True        |
| 2011-01-31 00:00:00-05:00 | 5.59583e+06 | 5.53782e+06 |        0 | 5.58579e+06 | 5.52159e+06 |         1 | 5.04835e+06 | 5.78994e+06 |               0 |                   1 | False       |
| 2011-02-01 00:00:00-05:00 | 5.37271e+06 | 5.12281e+06 |        1 | 5.4932e+06  | 5.38867e+06 |         1 | 5.04835e+06 | 5.78994e+06 |               0 |                   0 | False       |
| 2011-02-02 00:00:00-05:00 | 5.16744e+06 | 5.04695e+06 |        1 | 5.40395e+06 | 5.27476e+06 |         1 | 5.04835e+06 | 5.78994e+06 |               0 |                   0 | False       |
| 2011-02-03 00:00:00-05:00 | 5.03356e+06 | 5.0291e+06  |        0 | 5.32898e+06 | 5.19288e+06 |         1 | 5.04835e+06 | 5.78994e+06 |               0 |                   0 | False       |
| 2011-02-04 00:00:00-05:00 | 4.99787e+06 | 4.72566e+06 |        1 | 5.20832e+06 | 5.03714e+06 |         1 | 5.04835e+06 | 5.78994e+06 |               0 |                   0 | False       |
| 2011-02-07 00:00:00-05:00 | 4.67658e+06 | 4.77475e+06 |        1 | 5.1216e+06  | 4.94967e+06 |         1 | 4.83025e+06 | 5.16521e+06 |               0 |                   0 | False       |
| 2011-02-08 00:00:00-05:00 | 4.78367e+06 | 4.7926e+06  |        1 | 5.0558e+06  | 4.89732e+06 |         1 | 4.83025e+06 | 5.16521e+06 |               0 |                   0 | False       |
| 2011-02-09 00:00:00-05:00 | 4.85507e+06 | 4.88184e+06 |        1 | 5.02101e+06 | 4.89216e+06 |         1 | 4.83025e+06 | 5.16521e+06 |               0 |                   0 | False       |
| 2011-02-10 00:00:00-05:00 | 5.03803e+06 | 4.83722e+06 |        1 | 4.98425e+06 | 4.87385e+06 |         1 | 4.83025e+06 | 5.16521e+06 |               0 |                   0 | False       |
| 2011-02-11 00:00:00-05:00 | 4.85507e+06 | 4.7212e+06  |        0 | 4.93164e+06 | 4.82296e+06 |         1 | 4.83025e+06 | 5.16521e+06 |               0 |                   1 | False       |
| 2011-02-14 00:00:00-05:00 | 4.67658e+06 | 4.6141e+06  |        1 | 4.86813e+06 | 4.75334e+06 |         1 | 4.56418e+06 | 4.72343e+06 |               0 |                   1 | False       |
| 2011-02-15 00:00:00-05:00 | 4.62303e+06 | 4.74797e+06 |        0 | 4.8441e+06  | 4.75155e+06 |         1 | 4.56418e+06 | 4.72343e+06 |               0 |                   1 | False       |
| 2011-02-16 00:00:00-05:00 | 4.65873e+06 | 4.59625e+06 |        0 | 4.79453e+06 | 4.69979e+06 |         1 | 4.56418e+06 | 4.72343e+06 |               0 |                   1 | False       |
| 2011-02-17 00:00:00-05:00 | 4.6498e+06  | 4.39545e+06 |        1 | 4.71471e+06 | 4.59834e+06 |         1 | 4.56418e+06 | 4.72343e+06 |               0 |                   1 | False       |
| 2011-02-18 00:00:00-05:00 | 4.36867e+06 | 4.43114e+06 |        1 | 4.658e+06   | 4.54261e+06 |         1 | 4.56418e+06 | 4.72343e+06 |               0 |                   0 | False       |
| 2011-02-22 00:00:00-05:00 | 4.64088e+06 | 4.94878e+06 |        1 | 4.71616e+06 | 4.678e+06   |         1 | 4.56418e+06 | 4.72343e+06 |               0 |                   1 | False       |
| 2011-02-23 00:00:00-05:00 | 4.96663e+06 | 5.22545e+06 |        1 | 4.81801e+06 | 4.86048e+06 |         1 | 4.56418e+06 | 4.72343e+06 |               0 |                   1 | False       |
| 2011-02-24 00:00:00-05:00 | 5.15494e+06 | 4.96574e+06 |        1 | 4.84756e+06 | 4.89557e+06 |         1 | 4.56418e+06 | 4.72343e+06 |               0 |                   1 | False       |
| 2011-02-25 00:00:00-05:00 | 4.81937e+06 | 4.57751e+06 |        2 | 4.79355e+06 | 4.78955e+06 |         1 | 4.56418e+06 | 4.72343e+06 |               0 |                   1 | False       |
| 2011-02-28 00:00:00-05:00 | 4.49273e+06 | 4.73102e+06 |        2 | 4.78104e+06 | 4.77004e+06 |         1 | 4.62779e+06 | 4.50433e+06 |               1 |                   1 | True        |
| 2011-03-01 00:00:00-05:00 | 4.68996e+06 | 5.00501e+06 |        2 | 4.82584e+06 | 4.84836e+06 |         1 | 4.62779e+06 | 4.50433e+06 |               1 |                   1 | True        |
| 2011-03-02 00:00:00-05:00 | 5.01929e+06 | 4.79438e+06 |        3 | 4.81954e+06 | 4.83037e+06 |         1 | 4.62779e+06 | 4.50433e+06 |               1 |                   1 | True        |
| 2011-03-03 00:00:00-05:00 | 4.62303e+06 | 4.51772e+06 |        1 | 4.75918e+06 | 4.72615e+06 |         1 | 4.62779e+06 | 4.50433e+06 |               1 |                   1 | True        |
| 2011-03-04 00:00:00-05:00 | 4.5436e+06  | 4.65516e+06 |        1 | 4.73837e+06 | 4.70249e+06 |         1 | 4.62779e+06 | 4.50433e+06 |               1 |                   0 | True        |
| 2011-03-07 00:00:00-05:00 | 4.55074e+06 | 5.04338e+06 |        3 | 4.79938e+06 | 4.81612e+06 |         1 | 5.35288e+06 | 4.61633e+06 |               1 |                   1 | True        |
| 2011-03-08 00:00:00-05:00 | 5.01036e+06 | 5.01304e+06 |        2 | 4.84211e+06 | 4.88176e+06 |         1 | 5.35288e+06 | 4.61633e+06 |               1 |                   1 | True        |
| 2011-03-09 00:00:00-05:00 | 5.08801e+06 | 5.46374e+06 |        3 | 4.96643e+06 | 5.07575e+06 |         0 | 5.35288e+06 | 4.61633e+06 |               1 |                   1 | True        |
| 2011-03-10 00:00:00-05:00 | 5.75647e+06 | 5.87071e+06 |        3 | 5.14729e+06 | 5.34074e+06 |         0 | 5.35288e+06 | 4.61633e+06 |               1 |                   1 | True        |
| 2011-03-11 00:00:00-05:00 | 5.96174e+06 | 5.71542e+06 |        2 | 5.26092e+06 | 5.46563e+06 |         0 | 5.35288e+06 | 4.61633e+06 |               1 |                   1 | True        |
| 2011-03-14 00:00:00-04:00 | 5.77432e+06 | 5.73684e+06 |        2 | 5.3561e+06  | 5.55603e+06 |         0 | 5.81769e+06 | 5.18529e+06 |               1 |                   1 | True        |
| 2011-03-15 00:00:00-04:00 | 6.2634e+06  | 5.93675e+06 |        3 | 5.47223e+06 | 5.68294e+06 |         0 | 5.81769e+06 | 5.18529e+06 |               1 |                   1 | True        |
| 2011-03-16 00:00:00-04:00 | 6.0501e+06  | 6.32855e+06 |        3 | 5.64349e+06 | 5.89814e+06 |         0 | 5.81769e+06 | 5.18529e+06 |               1 |                   1 | True        |
| 2011-03-17 00:00:00-04:00 | 6.05188e+06 | 6.08669e+06 |        2 | 5.73213e+06 | 5.96099e+06 |         0 | 5.81769e+06 | 5.18529e+06 |               1 |                   1 | True        |
| 2011-03-18 00:00:00-04:00 | 5.78414e+06 | 6.0501e+06  |        2 | 5.79573e+06 | 5.99069e+06 |         0 | 5.81769e+06 | 5.18529e+06 |               1 |                   1 | True        |
| 2011-03-21 00:00:00-04:00 | 5.78325e+06 | 5.70739e+06 |        2 | 5.77806e+06 | 5.89626e+06 |         0 | 5.43179e+06 | 5.88276e+06 |               0 |                   1 | False       |
| 2011-03-22 00:00:00-04:00 | 5.78459e+06 | 5.85141e+06 |        1 | 5.79273e+06 | 5.88131e+06 |         0 | 5.43179e+06 | 5.88276e+06 |               0 |                   0 | False       |
| 2011-03-23 00:00:00-04:00 | 5.88212e+06 | 5.68978e+06 |        2 | 5.77214e+06 | 5.81746e+06 |         1 | 5.43179e+06 | 5.88276e+06 |               0 |                   0 | False       |
| 2011-03-24 00:00:00-04:00 | 5.46764e+06 | 5.2735e+06  |        2 | 5.67241e+06 | 5.63614e+06 |         1 | 5.43179e+06 | 5.88276e+06 |               0 |                   0 | False       |
| 2011-03-25 00:00:00-04:00 | 5.24099e+06 | 5.30059e+06 |        2 | 5.59804e+06 | 5.52429e+06 |         1 | 5.43179e+06 | 5.88276e+06 |               0 |                   0 | False       |
| 2011-03-28 00:00:00-04:00 | 5.22022e+06 | 5.27711e+06 |        1 | 5.53386e+06 | 5.4419e+06  |         1 | 5.4286e+06  | 5.64447e+06 |               0 |                   0 | False       |
| 2011-03-29 00:00:00-04:00 | 5.30059e+06 | 5.13353e+06 |        2 | 5.45379e+06 | 5.33911e+06 |         1 | 5.4286e+06  | 5.64447e+06 |               0 |                   0 | False       |
| 2011-03-30 00:00:00-04:00 | 4.98995e+06 | 5.12631e+06 |        2 | 5.3883e+06  | 5.26817e+06 |         1 | 5.4286e+06  | 5.64447e+06 |               0 |                   0 | False       |
| 2011-03-31 00:00:00-04:00 | 5.12179e+06 | 5.24641e+06 |        2 | 5.35992e+06 | 5.26092e+06 |         1 | 5.4286e+06  | 5.64447e+06 |               0 |                   0 | False       |
| 2011-04-01 00:00:00-04:00 | 5.11637e+06 | 5.427e+06   |        2 | 5.37333e+06 | 5.31628e+06 |         1 | 5.4286e+06  | 5.64447e+06 |               0 |                   1 | False       |
| 2011-04-04 00:00:00-04:00 | 5.39269e+06 | 5.56878e+06 |        2 | 5.41242e+06 | 5.40045e+06 |         1 | 5.2367e+06  | 5.33292e+06 |               0 |                   1 | False       |
| 2011-04-05 00:00:00-04:00 | 5.29336e+06 | 5.17597e+06 |        3 | 5.36513e+06 | 5.32562e+06 |         1 | 5.2367e+06  | 5.33292e+06 |               0 |                   1 | False       |
| 2011-04-06 00:00:00-04:00 | 5.04504e+06 | 4.9448e+06  |        3 | 5.28107e+06 | 5.19868e+06 |         1 | 5.2367e+06  | 5.33292e+06 |               0 |                   1 | False       |
| 2011-04-07 00:00:00-04:00 | 4.94842e+06 | 5.02608e+06 |        3 | 5.23007e+06 | 5.14115e+06 |         1 | 5.2367e+06  | 5.33292e+06 |               0 |                   1 | False       |
| 2011-04-08 00:00:00-04:00 | 4.91501e+06 | 5.14076e+06 |        2 | 5.21221e+06 | 5.14102e+06 |         1 | 5.2367e+06  | 5.33292e+06 |               0 |                   1 | False       |
| 2011-04-11 00:00:00-04:00 | 5.13353e+06 | 5.27079e+06 |        2 | 5.22392e+06 | 5.18427e+06 |         1 | 5.36598e+06 | 5.28388e+06 |               1 |                   1 | True        |
| 2011-04-12 00:00:00-04:00 | 5.41707e+06 | 5.60128e+06 |        2 | 5.29939e+06 | 5.32328e+06 |         1 | 5.36598e+06 | 5.28388e+06 |               1 |                   1 | True        |
| 2011-04-13 00:00:00-04:00 | 5.4866e+06  | 5.55704e+06 |        3 | 5.35092e+06 | 5.4012e+06  |         1 | 5.36598e+06 | 5.28388e+06 |               1 |                   1 | True        |
| 2011-04-14 00:00:00-04:00 | 5.68887e+06 | 5.53536e+06 |        2 | 5.38781e+06 | 5.44592e+06 |         0 | 5.36598e+06 | 5.28388e+06 |               1 |                   1 | True        |
| 2011-04-15 00:00:00-04:00 | 5.5769e+06  | 5.43062e+06 |        2 | 5.39637e+06 | 5.44082e+06 |         1 | 5.36598e+06 | 5.28388e+06 |               1 |                   1 | True        |
| 2011-04-18 00:00:00-04:00 | 5.67894e+06 | 5.72138e+06 |        3 | 5.46137e+06 | 5.53434e+06 |         0 | 5.07978e+06 | 5.28569e+06 |               0 |                   1 | False       |
| 2011-04-19 00:00:00-04:00 | 5.75208e+06 | 5.65095e+06 |        1 | 5.49929e+06 | 5.57321e+06 |         0 | 5.07978e+06 | 5.28569e+06 |               0 |                   1 | False       |
| 2011-04-20 00:00:00-04:00 | 5.14166e+06 | 4.92765e+06 |        2 | 5.38496e+06 | 5.35802e+06 |         1 | 5.07978e+06 | 5.28569e+06 |               0 |                   1 | False       |
| 2011-04-21 00:00:00-04:00 | 4.83915e+06 | 4.93668e+06 |        1 | 5.2953e+06  | 5.21757e+06 |         1 | 5.07978e+06 | 5.28569e+06 |               0 |                   0 | False       |
| 2011-04-25 00:00:00-04:00 | 4.89604e+06 | 4.92133e+06 |        1 | 5.22051e+06 | 5.11883e+06 |         1 | 4.83207e+06 | 5.18365e+06 |               0 |                   0 | False       |
| 2011-04-26 00:00:00-04:00 | 4.87889e+06 | 4.69287e+06 |        2 | 5.11498e+06 | 4.97684e+06 |         1 | 4.83207e+06 | 5.18365e+06 |               0 |                   0 | False       |
| 2011-04-27 00:00:00-04:00 | 4.74073e+06 | 4.69377e+06 |        2 | 5.03074e+06 | 4.88248e+06 |         1 | 4.83207e+06 | 5.18365e+06 |               0 |                   0 | False       |
| 2011-04-28 00:00:00-04:00 | 4.72989e+06 | 4.77053e+06 |        1 | 4.9787e+06  | 4.84517e+06 |         1 | 4.83207e+06 | 5.18365e+06 |               0 |                   0 | False       |
| 2011-04-29 00:00:00-04:00 | 4.78588e+06 | 4.70822e+06 |        1 | 4.9246e+06  | 4.79952e+06 |         1 | 4.83207e+06 | 5.18365e+06 |               0 |                   0 | False       |
| 2011-05-02 00:00:00-04:00 | 4.64772e+06 | 4.84728e+06 |        1 | 4.90914e+06 | 4.81544e+06 |         1 | 4.86328e+06 | 4.82245e+06 |               1 |                   0 | True        |
| 2011-05-03 00:00:00-04:00 | 4.90869e+06 | 5.03149e+06 |        2 | 4.93361e+06 | 4.88746e+06 |         1 | 4.86328e+06 | 4.82245e+06 |               1 |                   1 | True        |
| 2011-05-04 00:00:00-04:00 | 4.96016e+06 | 5.01614e+06 |        2 | 4.95012e+06 | 4.93035e+06 |         1 | 4.86328e+06 | 4.82245e+06 |               1 |                   1 | True        |
| 2011-05-05 00:00:00-04:00 | 5.09199e+06 | 4.98905e+06 |        2 | 4.9579e+06  | 4.94992e+06 |         1 | 4.86328e+06 | 4.82245e+06 |               1 |                   1 | True        |
| 2011-05-06 00:00:00-04:00 | 4.81116e+06 | 4.87889e+06 |        1 | 4.9421e+06  | 4.92624e+06 |         1 | 4.86328e+06 | 4.82245e+06 |               1 |                   1 | True        |
| 2011-05-09 00:00:00-04:00 | 4.90237e+06 | 4.91501e+06 |        1 | 4.93668e+06 | 4.9225e+06  |         1 | 4.91342e+06 | 4.79355e+06 |               1 |                   1 | True        |
| 2011-05-10 00:00:00-04:00 | 4.90327e+06 | 4.85089e+06 |        1 | 4.91952e+06 | 4.89863e+06 |         1 | 4.91342e+06 | 4.79355e+06 |               1 |                   1 | True        |
| 2011-05-11 00:00:00-04:00 | 4.83103e+06 | 4.95925e+06 |        1 | 4.92747e+06 | 4.91884e+06 |         1 | 4.91342e+06 | 4.79355e+06 |               1 |                   1 | True        |
| 2011-05-12 00:00:00-04:00 | 5.02878e+06 | 4.75608e+06 |        1 | 4.89319e+06 | 4.86458e+06 |         1 | 4.91342e+06 | 4.79355e+06 |               1 |                   1 | True        |
| 2011-05-13 00:00:00-04:00 | 4.78678e+06 | 4.93848e+06 |        1 | 4.90225e+06 | 4.88922e+06 |         1 | 4.91342e+06 | 4.79355e+06 |               1 |                   1 | True        |
| 2011-05-16 00:00:00-04:00 | 4.98183e+06 | 5.14527e+06 |        1 | 4.95085e+06 | 4.97457e+06 |         1 | 5.1017e+06  | 4.90869e+06 |               1 |                   1 | True        |
| 2011-05-17 00:00:00-04:00 | 5.20035e+06 | 5.32768e+06 |        2 | 5.02622e+06 | 5.09227e+06 |         0 | 5.1017e+06  | 4.90869e+06 |               1 |                   1 | True        |
| 2011-05-18 00:00:00-04:00 | 5.26988e+06 | 5.0351e+06  |        1 | 5.028e+06   | 5.07322e+06 |         1 | 5.1017e+06  | 4.90869e+06 |               1 |                   1 | True        |
| 2011-05-19 00:00:00-04:00 | 5.10193e+06 | 5.15249e+06 |        1 | 5.0529e+06  | 5.09964e+06 |         1 | 5.1017e+06  | 4.90869e+06 |               1 |                   1 | True        |
| 2011-05-20 00:00:00-04:00 | 5.13443e+06 | 5.19584e+06 |        1 | 5.08148e+06 | 5.13171e+06 |         1 | 5.1017e+06  | 4.90869e+06 |               1 |                   1 | True        |
| 2011-05-23 00:00:00-04:00 | 5.3954e+06  | 5.52362e+06 |        2 | 5.16991e+06 | 5.26235e+06 |         0 | 5.12954e+06 | 5.06716e+06 |               1 |                   1 | True        |
| 2011-05-24 00:00:00-04:00 | 5.45771e+06 | 5.64643e+06 |        1 | 5.26522e+06 | 5.39038e+06 |         0 | 5.12954e+06 | 5.06716e+06 |               1 |                   1 | True        |
| 2011-05-25 00:00:00-04:00 | 5.70874e+06 | 5.49202e+06 |        1 | 5.31058e+06 | 5.42426e+06 |         0 | 5.12954e+06 | 5.06716e+06 |               1 |                   1 | True        |
| 2011-05-26 00:00:00-04:00 | 5.51008e+06 | 5.33671e+06 |        1 | 5.3158e+06  | 5.39507e+06 |         0 | 5.12954e+06 | 5.06716e+06 |               1 |                   1 | True        |
| 2011-05-27 00:00:00-04:00 | 5.21932e+06 | 5.14346e+06 |        1 | 5.28134e+06 | 5.3112e+06  |         1 | 5.12954e+06 | 5.06716e+06 |               1 |                   1 | True        |
| 2011-05-31 00:00:00-04:00 | 4.97731e+06 | 4.91862e+06 |        2 | 5.20879e+06 | 5.18034e+06 |         1 | 5.12954e+06 | 5.06716e+06 |               1 |                   0 | True        |
| 2011-06-01 00:00:00-04:00 | 4.94571e+06 | 5.35477e+06 |        1 | 5.23799e+06 | 5.23848e+06 |         1 | 5.12954e+06 | 5.06716e+06 |               1 |                   1 | True        |
| 2011-06-02 00:00:00-04:00 | 5.32497e+06 | 5.35657e+06 |        1 | 5.2617e+06  | 5.27785e+06 |         1 | 5.12954e+06 | 5.06716e+06 |               1 |                   1 | True        |
| 2011-06-03 00:00:00-04:00 | 5.50286e+06 | 5.64011e+06 |        1 | 5.33739e+06 | 5.3986e+06  |         0 | 5.12954e+06 | 5.06716e+06 |               1 |                   1 | True        |
| 2011-06-06 00:00:00-04:00 | 5.66991e+06 | 5.76924e+06 |        1 | 5.42376e+06 | 5.52215e+06 |         0 | 6.02344e+06 | 5.39179e+06 |               1 |                   1 | True        |
| 2011-06-07 00:00:00-04:00 | 5.66359e+06 | 5.68255e+06 |        1 | 5.47552e+06 | 5.57562e+06 |         0 | 6.02344e+06 | 5.39179e+06 |               1 |                   1 | True        |
| 2011-06-08 00:00:00-04:00 | 5.75931e+06 | 6.0266e+06  |        2 | 5.58573e+06 | 5.72594e+06 |         0 | 6.02344e+06 | 5.39179e+06 |               1 |                   1 | True        |
| 2011-06-09 00:00:00-04:00 | 5.9986e+06  | 6.00312e+06 |        1 | 5.66921e+06 | 5.81833e+06 |         0 | 6.02344e+06 | 5.39179e+06 |               1 |                   1 | True        |
| 2011-06-10 00:00:00-04:00 | 6.08439e+06 | 6.3002e+06  |        2 | 5.79541e+06 | 5.97896e+06 |         0 | 6.02344e+06 | 5.39179e+06 |               1 |                   1 | True        |
| 2011-06-13 00:00:00-04:00 | 6.28395e+06 | 6.47448e+06 |        1 | 5.93122e+06 | 6.14413e+06 |         0 | 6.66607e+06 | 5.97016e+06 |               1 |                   1 | True        |
| 2011-06-14 00:00:00-04:00 | 6.24512e+06 | 6.10967e+06 |        1 | 5.96691e+06 | 6.13264e+06 |         0 | 6.66607e+06 | 5.97016e+06 |               1 |                   1 | True        |
| 2011-06-15 00:00:00-04:00 | 6.33361e+06 | 6.46184e+06 |        1 | 6.0659e+06  | 6.24238e+06 |         0 | 6.66607e+06 | 5.97016e+06 |               1 |                   1 | True        |
| 2011-06-16 00:00:00-04:00 | 6.44739e+06 | 6.69481e+06 |        2 | 6.19168e+06 | 6.39319e+06 |         0 | 6.66607e+06 | 5.97016e+06 |               1 |                   1 | True        |
| 2011-06-17 00:00:00-04:00 | 6.44197e+06 | 6.98738e+06 |        2 | 6.35082e+06 | 6.59125e+06 |         0 | 6.66607e+06 | 5.97016e+06 |               1 |                   1 | True        |
| 2011-06-20 00:00:00-04:00 | 6.96752e+06 | 6.95126e+06 |        1 | 6.47091e+06 | 6.71126e+06 |         0 | 6.67921e+06 | 6.64379e+06 |               1 |                   1 | True        |
| 2011-06-21 00:00:00-04:00 | 6.85374e+06 | 6.43204e+06 |        2 | 6.46313e+06 | 6.61818e+06 |         0 | 6.67921e+06 | 6.64379e+06 |               1 |                   1 | True        |
| 2011-06-22 00:00:00-04:00 | 6.46545e+06 | 6.52234e+06 |        1 | 6.47498e+06 | 6.58624e+06 |         0 | 6.67921e+06 | 6.64379e+06 |               1 |                   1 | True        |
| 2011-06-23 00:00:00-04:00 | 6.78782e+06 | 6.22435e+06 |        2 | 6.42485e+06 | 6.46561e+06 |         1 | 6.67921e+06 | 6.64379e+06 |               1 |                   0 | True        |
| 2011-06-24 00:00:00-04:00 | 6.30652e+06 | 6.68578e+06 |        1 | 6.47704e+06 | 6.539e+06   |         1 | 6.67921e+06 | 6.64379e+06 |               1 |                   1 | True        |
| 2011-06-27 00:00:00-04:00 | 6.72642e+06 | 6.54762e+06 |        1 | 6.49115e+06 | 6.54187e+06 |         1 | 5.84802e+06 | 6.83658e+06 |               0 |                   0 | False       |
| 2011-06-28 00:00:00-04:00 | 6.46816e+06 | 6.28937e+06 |        1 | 6.4508e+06  | 6.4577e+06  |         1 | 5.84802e+06 | 6.83658e+06 |               0 |                   0 | False       |
| 2011-06-29 00:00:00-04:00 | 6.20268e+06 | 6.26769e+06 |        2 | 6.41418e+06 | 6.39437e+06 |         1 | 5.84802e+06 | 6.83658e+06 |               0 |                   0 | False       |
| 2011-06-30 00:00:00-04:00 | 6.2081e+06  | 5.80446e+06 |        2 | 6.29223e+06 | 6.19773e+06 |         1 | 5.84802e+06 | 6.83658e+06 |               0 |                   0 | False       |
| 2011-07-01 00:00:00-04:00 | 5.79994e+06 | 5.43242e+06 |        2 | 6.12027e+06 | 5.94263e+06 |         1 | 5.84802e+06 | 6.83658e+06 |               0 |                   0 | False       |
| 2011-07-05 00:00:00-04:00 | 5.43423e+06 | 5.5769e+06  |        1 | 6.0116e+06  | 5.82072e+06 |         1 | 5.84802e+06 | 6.83658e+06 |               0 |                   0 | False       |
| 2011-07-06 00:00:00-04:00 | 5.63831e+06 | 5.70422e+06 |        2 | 5.95012e+06 | 5.78189e+06 |         1 | 5.84802e+06 | 6.83658e+06 |               0 |                   0 | False       |
| 2011-07-07 00:00:00-04:00 | 5.52182e+06 | 5.35838e+06 |        2 | 5.83177e+06 | 5.64072e+06 |         1 | 5.84802e+06 | 6.83658e+06 |               0 |                   0 | False       |
| 2011-07-08 00:00:00-04:00 | 5.57419e+06 | 5.58684e+06 |        2 | 5.78279e+06 | 5.62276e+06 |         1 | 5.84802e+06 | 6.83658e+06 |               0 |                   0 | False       |
| 2011-07-11 00:00:00-04:00 | 5.76382e+06 | 5.88482e+06 |        2 | 5.80319e+06 | 5.71011e+06 |         1 | 6.30213e+06 | 5.50963e+06 |               1 |                   1 | True        |
| 2011-07-12 00:00:00-04:00 | 6.07084e+06 | 6.39231e+06 |        3 | 5.92102e+06 | 5.93751e+06 |         1 | 6.30213e+06 | 5.50963e+06 |               1 |                   1 | True        |
| 2011-07-13 00:00:00-04:00 | 6.22977e+06 | 6.43926e+06 |        2 | 6.02467e+06 | 6.10476e+06 |         0 | 6.30213e+06 | 5.50963e+06 |               1 |                   1 | True        |
| 2011-07-14 00:00:00-04:00 | 6.39953e+06 | 6.73635e+06 |        3 | 6.167e+06   | 6.31529e+06 |         0 | 6.30213e+06 | 5.50963e+06 |               1 |                   1 | True        |
| 2011-07-15 00:00:00-04:00 | 6.59458e+06 | 6.61625e+06 |        3 | 6.25685e+06 | 6.41561e+06 |         0 | 6.30213e+06 | 5.50963e+06 |               1 |                   1 | True        |
| 2011-07-18 00:00:00-04:00 | 6.68849e+06 | 6.88896e+06 |        2 | 6.38327e+06 | 6.57339e+06 |         0 | 5.90654e+06 | 6.10154e+06 |               0 |                   1 | False       |
| 2011-07-19 00:00:00-04:00 | 6.73996e+06 | 6.22525e+06 |        2 | 6.35167e+06 | 6.45735e+06 |         0 | 5.90654e+06 | 6.10154e+06 |               0 |                   1 | False       |
| 2011-07-20 00:00:00-04:00 | 6.11599e+06 | 6.32097e+06 |        1 | 6.34553e+06 | 6.41189e+06 |         0 | 5.90654e+06 | 6.10154e+06 |               0 |                   1 | False       |
| 2011-07-21 00:00:00-04:00 | 6.35167e+06 | 6.14037e+06 |        3 | 6.3045e+06  | 6.32138e+06 |         1 | 5.90654e+06 | 6.10154e+06 |               0 |                   1 | False       |
| 2011-07-22 00:00:00-04:00 | 6.02027e+06 | 5.70874e+06 |        3 | 6.18535e+06 | 6.11717e+06 |         1 | 5.90654e+06 | 6.10154e+06 |               0 |                   0 | False       |
| 2011-07-25 00:00:00-04:00 | 5.89476e+06 | 5.91191e+06 |        2 | 6.13066e+06 | 6.04875e+06 |         1 | 6.37667e+06 | 6.16249e+06 |               1 |                   0 | True        |
| 2011-07-26 00:00:00-04:00 | 5.79994e+06 | 5.77285e+06 |        2 | 6.0591e+06  | 5.95678e+06 |         1 | 6.37667e+06 | 6.16249e+06 |               1 |                   0 | True        |
| 2011-07-27 00:00:00-04:00 | 5.97693e+06 | 6.40585e+06 |        3 | 6.12845e+06 | 6.10647e+06 |         1 | 6.37667e+06 | 6.16249e+06 |               1 |                   0 | True        |
| 2011-07-28 00:00:00-04:00 | 6.41759e+06 | 6.43655e+06 |        2 | 6.19007e+06 | 6.2165e+06  |         1 | 6.37667e+06 | 6.16249e+06 |               1 |                   1 | True        |
| 2011-07-29 00:00:00-04:00 | 6.71829e+06 | 6.61174e+06 |        2 | 6.2744e+06  | 6.34825e+06 |         0 | 6.37667e+06 | 6.16249e+06 |               1 |                   1 | True        |
| 2011-08-01 00:00:00-04:00 | 6.33993e+06 | 6.61444e+06 |        3 | 6.34241e+06 | 6.43698e+06 |         0 | 7.88486e+06 | 6.16024e+06 |               1 |                   1 | True        |
| 2011-08-02 00:00:00-04:00 | 6.8131e+06  | 7.21132e+06 |        4 | 6.51619e+06 | 6.69509e+06 |         0 | 7.88486e+06 | 6.16024e+06 |               1 |                   1 | True        |
| 2011-08-03 00:00:00-04:00 | 7.1734e+06  | 6.95578e+06 |        3 | 6.60411e+06 | 6.78199e+06 |         0 | 7.88486e+06 | 6.16024e+06 |               1 |                   1 | True        |
| 2011-08-04 00:00:00-04:00 | 7.19417e+06 | 8.17302e+06 |        4 | 6.91789e+06 | 7.24566e+06 |         0 | 7.88486e+06 | 6.16024e+06 |               1 |                   1 | True        |
| 2011-08-05 00:00:00-04:00 | 7.82807e+06 | 8.63896e+06 |        6 | 7.26211e+06 | 7.7101e+06  |         0 | 7.88486e+06 | 6.16024e+06 |               1 |                   1 | True        |
| 2011-08-08 00:00:00-04:00 | 9.66115e+06 | 1.00296e+07 |        2 | 7.8156e+06  | 8.48326e+06 |         0 | 7.86747e+06 | 7.62535e+06 |               1 |                   1 | True        |
| 2011-08-09 00:00:00-04:00 | 9.35413e+06 | 8.62542e+06 |        2 | 7.97756e+06 | 8.53064e+06 |         0 | 7.86747e+06 | 7.62535e+06 |               1 |                   1 | True        |
| 2011-08-10 00:00:00-04:00 | 9.05524e+06 | 9.20604e+06 |        2 | 8.22326e+06 | 8.75578e+06 |         0 | 7.86747e+06 | 7.62535e+06 |               1 |                   1 | True        |
| 2011-08-11 00:00:00-04:00 | 9.10852e+06 | 7.77841e+06 |        1 | 8.13429e+06 | 8.42999e+06 |         0 | 7.86747e+06 | 7.62535e+06 |               1 |                   1 | True        |
| 2011-08-12 00:00:00-04:00 | 7.46687e+06 | 7.85877e+06 |        1 | 8.07919e+06 | 8.23958e+06 |         0 | 7.86747e+06 | 7.62535e+06 |               1 |                   1 | True        |
| 2011-08-15 00:00:00-04:00 | 7.71158e+06 | 7.39644e+06 |        1 | 7.94264e+06 | 7.95853e+06 |         1 | 9.22038e+06 | 8.24887e+06 |               1 |                   0 | True        |
| 2011-08-16 00:00:00-04:00 | 7.62038e+06 | 7.82265e+06 |        1 | 7.91864e+06 | 7.91324e+06 |         1 | 9.22038e+06 | 8.24887e+06 |               1 |                   0 | True        |
| 2011-08-17 00:00:00-04:00 | 7.90392e+06 | 7.96984e+06 |        1 | 7.92888e+06 | 7.93211e+06 |         1 | 9.22038e+06 | 8.24887e+06 |               1 |                   0 | True        |
| 2011-08-18 00:00:00-04:00 | 8.66695e+06 | 9.36678e+06 |        2 | 8.21646e+06 | 8.41033e+06 |         0 | 9.22038e+06 | 8.24887e+06 |               1 |                   0 | False       |
| 2011-08-19 00:00:00-04:00 | 9.62774e+06 | 9.89683e+06 |        1 | 8.55253e+06 | 8.90583e+06 |         0 | 9.22038e+06 | 8.24887e+06 |               1 |                   1 | False       |
| 2011-08-22 00:00:00-04:00 | 9.16541e+06 | 9.65393e+06 |        1 | 8.77281e+06 | 9.1552e+06  |         0 | 8.45532e+06 | 8.8778e+06  |               0 |                   1 | False       |
| 2011-08-23 00:00:00-04:00 | 9.48146e+06 | 8.14954e+06 |        1 | 8.64816e+06 | 8.81998e+06 |         0 | 8.45532e+06 | 8.8778e+06  |               0 |                   1 | False       |
| 2011-08-24 00:00:00-04:00 | 8.14051e+06 | 8.1369e+06  |        1 | 8.54591e+06 | 8.59228e+06 |         1 | 8.45532e+06 | 8.8778e+06  |               0 |                   1 | False       |
| 2011-08-25 00:00:00-04:00 | 8.21726e+06 | 8.78705e+06 |        2 | 8.59413e+06 | 8.65721e+06 |         1 | 8.45532e+06 | 8.8778e+06  |               0 |                   1 | False       |
| 2011-08-26 00:00:00-04:00 | 8.92611e+06 | 8.07278e+06 |        1 | 8.48986e+06 | 8.4624e+06  |         1 | 8.45532e+06 | 8.8778e+06  |               0 |                   0 | False       |
| 2011-08-29 00:00:00-04:00 | 7.71159e+06 | 7.18062e+06 |        1 | 8.22802e+06 | 8.03514e+06 |         1 | 8.29421e+06 | 8.98481e+06 |               0 |                   0 | False       |
| 2011-08-30 00:00:00-04:00 | 7.40276e+06 | 7.17701e+06 |        1 | 8.01781e+06 | 7.7491e+06  |         1 | 8.29421e+06 | 8.98481e+06 |               0 |                   0 | False       |
| 2011-08-31 00:00:00-04:00 | 7.02892e+06 | 7.3251e+06  |        1 | 7.87927e+06 | 7.60777e+06 |         1 | 8.29421e+06 | 8.98481e+06 |               0 |                   0 | False       |
| 2011-09-01 00:00:00-04:00 | 7.31246e+06 | 7.6872e+06  |        1 | 7.84086e+06 | 7.63424e+06 |         1 | 8.29421e+06 | 8.98481e+06 |               0 |                   0 | False       |
| 2011-09-02 00:00:00-04:00 | 8.17031e+06 | 8.21365e+06 |        1 | 7.91542e+06 | 7.82738e+06 |         1 | 8.29421e+06 | 8.98481e+06 |               0 |                   0 | False       |
| 2011-09-06 00:00:00-04:00 | 8.90535e+06 | 8.38251e+06 |        2 | 8.00884e+06 | 8.01242e+06 |         1 | 8.29421e+06 | 8.98481e+06 |               0 |                   1 | False       |
| 2011-09-07 00:00:00-04:00 | 7.91295e+06 | 7.27724e+06 |        1 | 7.86252e+06 | 7.76736e+06 |         1 | 8.29421e+06 | 8.98481e+06 |               0 |                   1 | False       |
| 2011-09-08 00:00:00-04:00 | 7.40727e+06 | 7.40366e+06 |        1 | 7.77075e+06 | 7.64613e+06 |         1 | 8.29421e+06 | 8.98481e+06 |               0 |                   1 | False       |
| 2011-09-09 00:00:00-04:00 | 7.55085e+06 | 7.63032e+06 |        2 | 7.74266e+06 | 7.64086e+06 |         1 | 8.29421e+06 | 8.98481e+06 |               0 |                   1 | False       |
| 2011-09-12 00:00:00-04:00 | 7.76125e+06 | 6.93952e+06 |        1 | 7.58203e+06 | 7.40708e+06 |         1 | 6.43206e+06 | 7.92198e+06 |               0 |                   1 | False       |
| 2011-09-13 00:00:00-04:00 | 6.86277e+06 | 6.52144e+06 |        1 | 7.36991e+06 | 7.11187e+06 |         1 | 6.43206e+06 | 7.92198e+06 |               0 |                   0 | False       |
| 2011-09-14 00:00:00-04:00 | 6.37696e+06 | 6.02027e+06 |        2 | 7.09999e+06 | 6.748e+06   |         1 | 6.43206e+06 | 7.92198e+06 |               0 |                   0 | False       |
| 2011-09-15 00:00:00-04:00 | 5.80265e+06 | 5.75931e+06 |        3 | 6.83185e+06 | 6.41844e+06 |         1 | 6.43206e+06 | 7.92198e+06 |               0 |                   0 | False       |
| 2011-09-16 00:00:00-04:00 | 5.78188e+06 | 5.72228e+06 |        3 | 6.60994e+06 | 6.18639e+06 |         1 | 6.43206e+06 | 7.92198e+06 |               0 |                   0 | False       |
| 2011-09-19 00:00:00-04:00 | 6.06362e+06 | 5.91282e+06 |        4 | 6.47051e+06 | 6.0952e+06  |         1 | 6.62288e+06 | 6.6763e+06  |               1 |                   0 | True        |
| 2011-09-20 00:00:00-04:00 | 5.88573e+06 | 6.12051e+06 |        3 | 6.40051e+06 | 6.10363e+06 |         1 | 6.62288e+06 | 6.6763e+06  |               1 |                   0 | True        |
| 2011-09-21 00:00:00-04:00 | 6.03201e+06 | 6.50157e+06 |        2 | 6.42072e+06 | 6.23628e+06 |         1 | 6.62288e+06 | 6.6763e+06  |               1 |                   1 | True        |
| 2011-09-22 00:00:00-04:00 | 6.97384e+06 | 7.15173e+06 |        4 | 6.56692e+06 | 6.54143e+06 |         1 | 6.62288e+06 | 6.6763e+06  |               1 |                   1 | True        |
| 2011-09-23 00:00:00-04:00 | 7.50209e+06 | 6.71829e+06 |        2 | 6.5972e+06  | 6.60038e+06 |         1 | 6.62288e+06 | 6.6763e+06  |               1 |                   1 | True        |
| 2011-09-26 00:00:00-04:00 | 6.56297e+06 | 6.74899e+06 |        2 | 6.62756e+06 | 6.64992e+06 |         1 | 7.49196e+06 | 6.22029e+06 |               1 |                   1 | True        |
| 2011-09-27 00:00:00-04:00 | 6.32458e+06 | 6.37786e+06 |        2 | 6.57762e+06 | 6.55923e+06 |         1 | 7.49196e+06 | 6.22029e+06 |               1 |                   1 | True        |
| 2011-09-28 00:00:00-04:00 | 6.40946e+06 | 6.95397e+06 |        2 | 6.65289e+06 | 6.69081e+06 |         1 | 7.49196e+06 | 6.22029e+06 |               1 |                   1 | True        |
| 2011-09-29 00:00:00-04:00 | 6.64605e+06 | 7.21674e+06 |        3 | 6.76566e+06 | 6.86612e+06 |         0 | 7.49196e+06 | 6.22029e+06 |               1 |                   1 | True        |
| 2011-09-30 00:00:00-04:00 | 7.46868e+06 | 7.9265e+06  |        3 | 6.99783e+06 | 7.21958e+06 |         0 | 7.49196e+06 | 6.22029e+06 |               1 |                   1 | True        |
| 2011-10-03 00:00:00-04:00 | 8.10258e+06 | 8.81414e+06 |        3 | 7.36109e+06 | 7.7511e+06  |         0 | 6.91718e+06 | 7.32239e+06 |               0 |                   1 | False       |
| 2011-10-04 00:00:00-04:00 | 9.12116e+06 | 7.69172e+06 |        3 | 7.42722e+06 | 7.73131e+06 |         0 | 6.91718e+06 | 7.32239e+06 |               0 |                   1 | False       |
| 2011-10-05 00:00:00-04:00 | 7.66734e+06 | 6.98558e+06 |        2 | 7.33889e+06 | 7.48273e+06 |         0 | 6.91718e+06 | 7.32239e+06 |               0 |                   1 | False       |
| 2011-10-06 00:00:00-04:00 | 7.03253e+06 | 6.73545e+06 |        1 | 7.2182e+06  | 7.23363e+06 |         1 | 6.91718e+06 | 7.32239e+06 |               0 |                   1 | False       |
| 2011-10-07 00:00:00-04:00 | 6.66411e+06 | 6.6298e+06  |        3 | 7.10052e+06 | 7.03235e+06 |         1 | 6.91718e+06 | 7.32239e+06 |               0 |                   0 | False       |
| 2011-10-10 00:00:00-04:00 | 6.34264e+06 | 6.08529e+06 |        1 | 6.89747e+06 | 6.71667e+06 |         1 | 5.90567e+06 | 7.27815e+06 |               0 |                   0 | False       |
| 2011-10-11 00:00:00-04:00 | 6.23338e+06 | 6.14037e+06 |        1 | 6.74605e+06 | 6.52457e+06 |         1 | 5.90567e+06 | 7.27815e+06 |               0 |                   0 | False       |
| 2011-10-12 00:00:00-04:00 | 5.91553e+06 | 5.93268e+06 |        2 | 6.58338e+06 | 6.32727e+06 |         1 | 5.90567e+06 | 7.27815e+06 |               0 |                   0 | False       |
| 2011-10-13 00:00:00-04:00 | 6.06271e+06 | 5.58322e+06 |        2 | 6.38335e+06 | 6.07926e+06 |         1 | 5.90567e+06 | 7.27815e+06 |               0 |                   0 | False       |
| 2011-10-14 00:00:00-04:00 | 5.39992e+06 | 5.39992e+06 |        2 | 6.18666e+06 | 5.85281e+06 |         1 | 5.90567e+06 | 7.27815e+06 |               0 |                   0 | False       |
| 2011-10-17 00:00:00-04:00 | 5.49563e+06 | 5.85051e+06 |        2 | 6.11943e+06 | 5.85204e+06 |         1 | 5.76656e+06 | 6.01486e+06 |               0 |                   0 | False       |
| 2011-10-18 00:00:00-04:00 | 5.79272e+06 | 5.44868e+06 |        2 | 5.98528e+06 | 5.71759e+06 |         1 | 5.76656e+06 | 6.01486e+06 |               0 |                   0 | False       |
| 2011-10-19 00:00:00-04:00 | 5.47667e+06 | 5.80717e+06 |        2 | 5.94966e+06 | 5.74745e+06 |         1 | 5.76656e+06 | 6.01486e+06 |               0 |                   1 | False       |
| 2011-10-20 00:00:00-04:00 | 5.9092e+06  | 6.10335e+06 |        2 | 5.9804e+06  | 5.86608e+06 |         1 | 5.76656e+06 | 6.01486e+06 |               0 |                   1 | False       |
| 2011-10-21 00:00:00-04:00 | 5.82884e+06 | 5.697e+06   |        2 | 5.92372e+06 | 5.80972e+06 |         1 | 5.76656e+06 | 6.01486e+06 |               0 |                   1 | False       |
| 2011-10-24 00:00:00-04:00 | 5.61573e+06 | 5.10644e+06 |        2 | 5.76026e+06 | 5.57529e+06 |         1 | 4.99117e+06 | 5.54846e+06 |               0 |                   1 | False       |
| 2011-10-25 00:00:00-04:00 | 5.26898e+06 | 5.40804e+06 |        1 | 5.68982e+06 | 5.51954e+06 |         1 | 4.99117e+06 | 5.54846e+06 |               0 |                   1 | False       |
| 2011-10-26 00:00:00-04:00 | 5.24731e+06 | 5.32316e+06 |        2 | 5.61649e+06 | 5.45408e+06 |         1 | 4.99117e+06 | 5.54846e+06 |               0 |                   1 | False       |
| 2011-10-27 00:00:00-04:00 | 4.84186e+06 | 4.63688e+06 |        2 | 5.42057e+06 | 5.18168e+06 |         1 | 4.99117e+06 | 5.54846e+06 |               0 |                   0 | False       |
| 2011-10-28 00:00:00-04:00 | 4.73983e+06 | 4.60347e+06 |        1 | 5.25715e+06 | 4.98895e+06 |         1 | 4.99117e+06 | 5.54846e+06 |               0 |                   0 | False       |
| 2011-10-31 00:00:00-04:00 | 4.78949e+06 | 4.943e+06   |        2 | 5.19432e+06 | 4.97363e+06 |         1 | 4.78508e+06 | 5.15024e+06 |               0 |                   0 | False       |
| 2011-11-01 00:00:00-04:00 | 5.42701e+06 | 5.41617e+06 |        3 | 5.23869e+06 | 5.12114e+06 |         1 | 4.78508e+06 | 5.15024e+06 |               0 |                   0 | False       |
| 2011-11-02 00:00:00-04:00 | 5.26356e+06 | 5.34212e+06 |        1 | 5.25938e+06 | 5.1948e+06  |         1 | 4.78508e+06 | 5.15024e+06 |               0 |                   1 | False       |
| 2011-11-03 00:00:00-04:00 | 5.19403e+06 | 4.8527e+06  |        1 | 5.17804e+06 | 5.08077e+06 |         1 | 4.78508e+06 | 5.15024e+06 |               0 |                   1 | False       |
| 2011-11-04 00:00:00-04:00 | 4.96738e+06 | 4.68203e+06 |        1 | 5.07884e+06 | 4.94786e+06 |         1 | 4.78508e+06 | 5.15024e+06 |               0 |                   1 | False       |
| 2011-11-07 00:00:00-05:00 | 4.78498e+06 | 4.701e+06   |        1 | 5.00327e+06 | 4.86557e+06 |         1 | 4.65076e+06 | 4.64275e+06 |               1 |                   1 | True        |
| 2011-11-08 00:00:00-05:00 | 4.65043e+06 | 4.61882e+06 |        1 | 4.92638e+06 | 4.78332e+06 |         1 | 4.65076e+06 | 4.64275e+06 |               1 |                   1 | True        |
| 2011-11-09 00:00:00-05:00 | 4.96196e+06 | 5.25724e+06 |        2 | 4.99255e+06 | 4.9413e+06  |         1 | 4.65076e+06 | 4.64275e+06 |               1 |                   1 | True        |
| 2011-11-10 00:00:00-05:00 | 4.99266e+06 | 5.11096e+06 |        1 | 5.01623e+06 | 4.99785e+06 |         1 | 4.65076e+06 | 4.64275e+06 |               1 |                   1 | True        |
| 2011-11-11 00:00:00-05:00 | 4.98996e+06 | 4.58361e+06 |        2 | 4.92971e+06 | 4.85977e+06 |         1 | 4.65076e+06 | 4.64275e+06 |               1 |                   0 | True        |
| 2011-11-14 00:00:00-05:00 | 4.63959e+06 | 4.75337e+06 |        1 | 4.89444e+06 | 4.8243e+06  |         1 | 5.07254e+06 | 4.63282e+06 |               1 |                   0 | True        |
| 2011-11-15 00:00:00-05:00 | 4.82832e+06 | 4.552e+06   |        2 | 4.82595e+06 | 4.73354e+06 |         1 | 5.07254e+06 | 4.63282e+06 |               1 |                   0 | True        |
| 2011-11-16 00:00:00-05:00 | 4.673e+06   | 4.62695e+06 |        3 | 4.78615e+06 | 4.69801e+06 |         1 | 5.07254e+06 | 4.63282e+06 |               1 |                   1 | True        |
| 2011-11-17 00:00:00-05:00 | 4.67571e+06 | 5.13443e+06 |        4 | 4.85581e+06 | 4.84348e+06 |         1 | 5.07254e+06 | 4.63282e+06 |               1 |                   1 | True        |
| 2011-11-18 00:00:00-05:00 | 5.0324e+06  | 5.28343e+06 |        1 | 4.94133e+06 | 4.99013e+06 |         1 | 5.07254e+06 | 4.63282e+06 |               1 |                   1 | True        |
| 2011-11-21 00:00:00-05:00 | 5.5146e+06  | 5.58142e+06 |        2 | 5.06935e+06 | 5.18723e+06 |         0 | 5.91927e+06 | 4.93352e+06 |               1 |                   1 | True        |
| 2011-11-22 00:00:00-05:00 | 5.65275e+06 | 5.78549e+06 |        1 | 5.21258e+06 | 5.38665e+06 |         0 | 5.91927e+06 | 4.93352e+06 |               1 |                   1 | True        |